2	2011	5	24	17.77
2	2011	5	25	17.96
2	2011	5	26	18.02
2	2011	5	27	18.08
2	2011	5	28	18.14
2	2011	5	29	18.22
2	2011	5	30	17.25
2	2011	5	31	17.77
2	2011	6	1	18.03
2	2011	6	2	18.24
2	2011	6	3	18.44
2	2011	6	4	18.58
2	2011	6	5	18.61
2	2011	6	6	17.55
2	2011	6	7	18.08
2	2011	6	8	18.48
2	2011	6	9	17.66
2	2011	6	10	18.23
2	2011	6	11	18.57
2	2011	6	12	18.8
2	2011	6	13	17.92
2	2011	6	14	18.02
2	2011	6	15	17.66
2	2011	6	16	17.24
2	2011	6	17	16.84
2	2011	6	18	16.53
2	2011	6	19	16.24
2	2011	6	20	16.16
2	2011	6	21	16.55
2	2011	6	22	16.49
2	2011	6	23	15.11
2	2011	6	24	14.23
2	2011	6	25	15.04
2	2011	6	26	15.67
2	2011	6	27	15.58
2	2011	6	28	15.78
2	2011	6	29	15.92
2	2011	6	30	15.98
2	2011	7	1	16.02
2	2011	7	2	15.22
2	2011	7	3	15.86
2	2011	7	4	16.44
2	2011	7	5	16.93
2	2011	7	6	17.34
2	2011	7	7	17.61
2	2011	7	8	17.81
2	2011	7	9	18.02
2	2011	7	10	18.24
2	2011	7	11	18.77
2	2011	7	12	18.83
2	2011	7	13	18.74
2	2011	7	14	18.67
2	2011	7	15	18.73
2	2011	7	16	18.68
2	2011	7	17	17.68
2	2011	7	18	16.95
2	2011	7	19	16.46
2	2011	7	20	16.03
2	2011	7	21	15.73
2	2011	7	22	16.38
2	2011	7	23	15.83
2	2011	7	24	15.45
2	2011	7	25	15.1
2	2011	7	26	14.85
2	2011	7	27	14.58
2	2011	7	28	14.3
2	2011	7	29	14.07
2	2011	7	30	13.83
2	2011	7	31	13.74
2	2011	8	1	14.49
2	2011	8	2	15.1
2	2011	8	3	15.38
2	2011	8	4	14.66
2	2011	8	5	15.08
2	2011	8	6	14.55
2	2011	8	7	15.06
2	2011	8	8	14.43
2	2011	8	9	14.07
2	2011	8	10	13.85
2	2011	8	11	14.76
2	2011	8	12	14.82
2	2011	8	13	14.1
2	2011	8	14	13.59
2	2011	8	15	13.21
2	2011	8	16	12.99
2	2011	8	17	13.64
2	2011	8	18	14.07
2	2011	8	19	14.34
2	2011	8	20	14.53
2	2011	8	21	14.71
2	2011	8	22	14.77
2	2011	8	23	14.91
2	2011	8	24	14.96
2	2011	8	25	15.01
2	2011	8	26	15.08
2	2011	8	27	15.09
2	2011	8	28	15.12
2	2011	8	29	14.35
2	2011	8	30	14.7
2	2011	8	31	14.93
2	2011	9	1	14.9
2	2011	9	2	13.81
2	2011	9	3	12.93
2	2011	9	4	12.18
2	2011	9	5	11.32
2	2011	9	6	10.67
2	2011	9	7	10.09
2	2011	9	8	9.81
2	2011	9	9	9.89
2	2011	9	10	10.13
2	2011	9	11	11.2
2	2011	9	12	11.08
2	2011	9	13	11.94
2	2011	9	14	12.5
2	2011	9	15	13.12
2	2011	9	16	13.43
2	2011	9	17	13.72
2	2011	9	18	13.98
2	2011	9	19	14.13
2	2011	9	20	13.4
2	2011	9	21	12.97
2	2011	9	22	12.52
2	2011	9	23	12.17
2	2011	9	24	11.89
2	2011	9	25	11.68
2	2011	9	26	11.4
2	2011	9	27	12.02
2	2011	9	28	12.39
2	2011	9	29	11.77
2	2011	9	30	11.43
2	2011	10	1	11.27
2	2011	10	2	11.19
2	2011	10	3	12.04
2	2011	10	4	12.48
2	2011	10	5	11.97
2	2011	10	6	12.77
2	2011	10	7	13.32
2	2011	10	8	13.76
2	2011	10	9	14.02
2	2011	10	10	13.22
2	2011	10	11	13.57
2	2011	10	12	13.72
2	2011	10	13	13.61
2	2011	10	14	12.93
2	2011	10	15	13.48
2	2011	10	16	13.68
2	2011	10	17	13.08
2	2011	10	18	13.38
2	2011	10	19	12.79
2	2011	10	20	13.59
2	2011	10	21	14.13
2	2011	10	22	14.45
2	2011	10	23	14.63
2	2011	10	24	14.76
2	2011	10	25	14.91
2	2011	10	26	14.66
2	2011	10	27	14.67
2	2011	10	28	13.7
2	2011	10	29	14.01
2	2011	10	30	13.97
2	2011	10	31	13.13
2	2011	11	1	14.14
2	2011	11	2	14.37
2	2011	11	3	14.13
2	2011	11	4	14.15
2	2011	11	5	14.21
2	2011	11	6	14.15
2	2011	11	7	13.32
2	2011	11	8	13.63
2	2011	11	9	13.73
2	2011	11	10	13.72
2	2011	11	11	12.92
2	2011	11	12	12.46
2	2011	11	13	12.91
2	2011	11	14	12.14
2	2011	11	15	11.66
2	2011	11	16	12.07
2	2011	11	17	11.53
2	2011	11	18	11.27
2	2011	11	19	11.76
2	2011	11	20	11.18
2	2011	11	21	10.9
2	2011	11	22	11.45
2	2011	11	23	11.02
2	2011	11	24	10.7
2	2011	11	25	10.52
2	2011	11	26	10.37
2	2011	11	27	10.12
2	2011	11	28	9.92
2	2011	11	29	9.8
2	2011	11	30	9.68
2	2011	12	1	9.58
2	2011	12	2	9.5
2	2011	12	3	9.43
2	2011	12	4	9.23
2	2011	12	5	9.07
2	2011	12	6	9.04
2	2011	12	7	9
2	2011	12	8	8.93
2	2011	12	9	8.84
2	2011	12	10	8.78
2	2011	12	11	8.67
2	2011	12	12	8.6
2	2011	12	13	8.61
2	2011	12	14	8.58
2	2011	12	15	8.51
2	2011	12	16	8.5
2	2011	12	17	8.51
2	2011	12	18	8.47
2	2011	12	19	8.4
2	2011	12	20	8.31
2	2011	12	21	8.22
2	2011	12	22	8.01
2	2011	12	23	7.92
2	2011	12	24	7.89
2	2011	12	25	7.85
2	2011	12	26	7.78
2	2011	12	27	7.7
2	2011	12	28	7.72
2	2011	12	29	7.78
2	2011	12	30	7.94
2	2011	12	31	8.13
2	2012	1	1	8.24
2	2012	1	2	8.43
2	2012	1	3	8.66
2	2012	1	4	9.61
2	2012	1	5	9.18
2	2012	1	6	9.63
2	2012	1	7	9.04
2	2012	1	8	8.72
2	2012	1	9	8.43
2	2012	1	10	8.23
2	2012	1	11	8.08
2	2012	1	12	8
2	2012	1	13	7.99
2	2012	1	14	8
2	2012	1	15	8.02
2	2012	1	16	8.09
2	2012	1	17	8.2
2	2012	1	18	8.18
2	2012	1	19	8.12
2	2012	1	20	8.03
2	2012	1	21	7.94
2	2012	1	22	7.85
2	2012	1	23	7.8
2	2012	1	24	7.93
2	2012	1	25	7.97
2	2012	1	26	7.85
2	2012	1	27	7.83
2	2012	1	28	7.8
2	2012	1	29	7.8
2	2012	1	30	7.8
2	2012	1	31	7.84
2	2012	2	1	8.13
2	2012	2	2	8.47
2	2012	2	3	8.35
2	2012	2	4	8.13
2	2012	2	5	7.95
2	2012	2	6	7.9
2	2012	2	7	7.95
2	2012	2	8	7.96
2	2012	2	9	7.88
2	2012	2	10	7.83
2	2012	2	11	7.95
2	2012	2	12	8.1
2	2012	2	13	8.1
2	2012	2	14	8.16
2	2012	2	15	8.31
2	2012	2	16	8.18
2	2012	2	17	8.11
2	2012	2	18	8.02
2	2012	2	19	7.9
2	2012	2	20	7.98
2	2012	2	21	8.08
2	2012	2	22	8.04
2	2012	2	23	7.9
2	2012	2	24	7.93
2	2012	2	25	8
2	2012	2	26	7.94
2	2012	2	27	8.02
2	2012	2	28	8.13
2	2012	2	29	8.15
2	2012	3	1	8.1
2	2012	3	2	8.02
2	2012	3	3	7.9
2	2012	3	4	7.86
2	2012	3	5	7.89
2	2012	3	6	8.77
2	2012	3	7	8.48
2	2012	3	8	8.21
2	2012	3	9	8.13
2	2012	3	10	8.1
2	2012	3	11	8.1
2	2012	3	12	8.11
2	2012	3	13	8.42
2	2012	3	14	8.44
2	2012	3	15	8.38
2	2012	3	16	8.5
2	2012	3	17	9.3
2	2012	3	18	9.14
2	2012	3	19	9.11
2	2012	3	20	9.77
2	2012	3	21	10.12
2	2012	3	22	9.67
2	2012	3	23	9.43
2	2012	3	24	9.23
2	2012	3	25	9.1
2	2012	3	26	9.05
2	2012	3	27	9.01
2	2012	3	28	8.99
2	2012	3	29	9.68
2	2012	3	30	10.07
2	2012	3	31	9.71
2	2012	4	1	9.59
2	2012	4	2	9.6
2	2012	4	3	10.26
2	2012	4	4	9.87
2	2012	4	5	9.68
2	2012	4	6	9.66
2	2012	4	7	9.73
2	2012	4	8	9.78
2	2012	4	9	9.8
2	2012	4	10	10.52
2	2012	4	11	11.23
2	2012	4	12	11.76
2	2012	4	13	12.21
2	2012	4	14	11.58
2	2012	4	15	12.25
2	2012	4	16	12.73
2	2012	4	17	12.99
2	2012	4	18	13.14
2	2012	4	19	12.94
2	2012	4	20	13.18
2	2012	4	21	12.23
2	2012	4	22	11.68
2	2012	4	23	11.44
2	2012	4	24	12.38
2	2012	4	25	12.9
2	2012	4	26	13.24
2	2012	4	27	13.57
2	2012	4	28	13.86
2	2012	4	29	14.07
2	2012	4	30	13.24
2	2012	5	1	13.88
2	2012	5	2	14.01
2	2012	5	3	12.88
2	2012	5	4	12.24
2	2012	5	5	11.82
2	2012	5	6	11.56
2	2012	5	7	11.4
2	2012	5	8	12.63
2	2012	5	9	13.07
2	2012	5	10	12.73
2	2012	5	11	13.72
2	2012	5	12	14.29
2	2012	5	13	13.67
2	2012	5	14	14.4
2	2012	5	15	14.91
2	2012	5	16	15.22
2	2012	5	17	15.45
2	2012	5	18	15.73
2	2012	5	19	16.03
2	2012	5	20	16.25
2	2012	5	21	15.38
2	2012	5	22	15.93
2	2012	5	23	16.18
2	2012	5	24	16.41
2	2012	5	25	16.72
2	2012	5	26	17.03
2	2012	5	27	17.28
2	2012	5	28	17.58
2	2012	5	29	17.81
2	2012	5	30	17.95
2	2012	5	31	16.94
2	2012	6	1	17.25
2	2012	6	2	16.41
2	2012	6	3	15.98
2	2012	6	4	16.81
2	2012	6	5	17.28
2	2012	6	6	16.42
2	2012	6	7	16.85
2	2012	6	8	17.29
2	2012	6	9	16.1
2	2012	6	10	15.36
2	2012	6	11	14.98
2	2012	6	12	14.68
2	2012	6	13	14.38
2	2012	6	14	14.11
2	2012	6	15	14.01
2	2012	6	16	13.98
2	2012	6	17	13.9
2	2012	6	18	13.93
2	2012	6	19	15.06
2	2012	6	20	15.77
2	2012	6	21	16.23
2	2012	6	22	16.63
2	2012	6	23	16.98
2	2012	6	24	17.26
2	2012	6	25	17.4
2	2012	6	26	17.57
2	2012	6	27	17.77
2	2012	6	28	17.92
2	2012	6	29	18.13
2	2012	6	30	18.35
2	2012	7	1	18.63
2	2012	7	2	18.88
2	2012	7	3	19.08
2	2012	7	4	19.3
2	2012	7	5	19.42
2	2012	7	6	19.39
2	2012	7	7	18.3
2	2012	7	8	17.63
2	2012	7	9	17.12
2	2012	7	10	16.7
2	2012	7	11	16.33
2	2012	7	12	16.07
2	2012	7	13	15.91
2	2012	7	14	16.83
2	2012	7	15	16.34
2	2012	7	16	16.08
2	2012	7	17	16.97
2	2012	7	18	17.33
2	2012	7	19	16.4
2	2012	7	20	15.95
2	2012	7	21	15.65
2	2012	7	22	15.44
2	2012	7	23	15.3
2	2012	7	24	15.17
2	2012	7	25	15.98
2	2012	7	26	15.49
2	2012	7	27	16.16
2	2012	7	28	15.7
2	2012	7	29	16.5
2	2012	7	30	16.89
2	2012	7	31	16.09
2	2012	8	1	15.48
2	2012	8	2	15.13
2	2012	8	3	14.83
2	2012	8	4	14.54
2	2012	8	5	14.34
2	2012	8	6	14.07
2	2012	8	7	13.82
2	2012	8	8	13.61
2	2012	8	9	13.4
2	2012	8	10	13.31
2	2012	8	11	13.29
2	2012	8	12	13.27
2	2012	8	13	13.19
2	2012	8	14	13.06
2	2012	8	15	12.86
2	2012	8	16	12.74
2	2012	8	17	13.8
2	2012	8	18	13.32
2	2012	8	19	13.04
2	2012	8	20	12.76
2	2012	8	21	12.52
2	2012	8	22	12.23
2	2012	8	23	11.99
2	2012	8	24	11.88
2	2012	8	25	11.8
2	2012	8	26	11.82
2	2012	8	27	13.03
2	2012	8	28	12.26
2	2012	8	29	11.4
2	2012	8	30	11.03
2	2012	8	31	10.9
2	2012	9	1	10.81
2	2012	9	2	10.96
2	2012	9	3	12.1
2	2012	9	4	11.75
2	2012	9	5	11.34
2	2012	9	6	11.11
2	2012	9	7	10.98
2	2012	9	8	10.82
2	2012	9	9	10.8
2	2012	9	10	10.77
2	2012	9	11	10.74
2	2012	9	12	11.6
2	2012	9	13	11.3
2	2012	9	14	12.13
2	2012	9	15	12.69
2	2012	9	16	13.16
2	2012	9	17	13.43
2	2012	9	18	12.57
2	2012	9	19	12.04
2	2012	9	20	11.75
2	2012	9	21	12.6
2	2012	9	22	13.17
2	2012	9	23	13.59
2	2012	9	24	12.93
2	2012	9	25	13.53
2	2012	9	26	12.84
2	2012	9	27	13.52
2	2012	9	28	12.93
2	2012	9	29	13.65
2	2012	9	30	12.94
2	2012	10	1	12.45
2	2012	10	2	12.18
2	2012	10	3	12.03
2	2012	10	4	12.63
2	2012	10	5	12.15
2	2012	10	6	11.94
2	2012	10	7	12.68
2	2012	10	8	12.29
2	2012	10	9	12.17
2	2012	10	10	12.69
2	2012	10	11	12.62
2	2012	10	12	13.13
2	2012	10	13	13.61
2	2012	10	14	13.84
2	2012	10	15	13.32
2	2012	10	16	13.92
2	2012	10	17	14.18
2	2012	10	18	14.22
2	2012	10	19	13.53
2	2012	10	20	13.96
2	2012	10	21	13.34
2	2012	10	22	12.98
2	2012	10	23	13.62
2	2012	10	24	13.84
2	2012	10	25	13.16
2	2012	10	26	13.72
2	2012	10	27	13.77
2	2012	10	28	13.81
2	2012	10	29	13.82
2	2012	10	30	13.31
2	2012	10	31	13.58
2	2012	11	1	13.55
2	2012	11	2	12.98
2	2012	11	3	12.83
2	2012	11	4	12.52
2	2012	11	5	12.84
2	2012	11	6	12.77
2	2012	11	7	13.14
2	2012	11	8	13.17
2	2012	11	9	13.34
2	2012	11	10	12.81
2	2012	11	11	13.05
2	2012	11	12	12.58
2	2012	11	13	12.88
2	2012	11	14	12.39
2	2012	11	15	12.71
2	2012	11	16	12.89
2	2012	11	17	12.4
2	2012	11	18	12.68
2	2012	11	19	12.17
2	2012	11	20	11.94
2	2012	11	21	12.37
2	2012	11	22	12.07
2	2012	11	23	12.49
2	2012	11	24	12.18
2	2012	11	25	12.05
2	2012	11	26	12.47
2	2012	11	27	12.01
2	2012	11	28	11.78
2	2012	11	29	11.53
2	2012	11	30	11.36
2	2012	12	1	11.22
2	2012	12	2	11.11
2	2012	12	3	11.57
2	2012	12	4	11.9
2	2012	12	5	11.99
2	2012	12	6	11.45
2	2012	12	7	11.17
2	2012	12	8	11.55
2	2012	12	9	11.13
2	2012	12	10	10.8
2	2012	12	11	10.63
2	2012	12	12	10.46
2	2012	12	13	10.37
2	2012	12	14	10.27
2	2012	12	15	10.17
2	2012	12	16	10.08
2	2012	12	17	10
2	2012	12	18	10.03
2	2012	12	19	9.97
2	2012	12	20	9.88
2	2012	12	21	9.96
2	2012	12	22	10
2	2012	12	23	9.95
2	2012	12	24	9.85
2	2012	12	25	9.77
2	2012	12	26	9.77
2	2012	12	27	9.77
2	2012	12	28	9.77
2	2012	12	29	9.86
2	2012	12	30	9.99
2	2012	12	31	9.99
2	2013	1	1	10
2	2013	1	2	10.03
2	2013	1	3	10.01
2	2013	1	4	10.06
2	2013	1	5	10.04
2	2013	1	6	9.98
2	2013	1	7	9.93
2	2013	1	8	9.86
2	2013	1	9	9.85
2	2013	1	10	9.85
2	2013	1	11	9.79
2	2013	1	12	9.77
2	2013	1	13	9.69
2	2013	1	14	9.63
2	2013	1	15	9.59
2	2013	1	16	9.49
2	2013	1	17	9.48
2	2013	1	18	9.58
2	2013	1	19	9.56
2	2013	1	20	9.56
2	2013	1	21	9.58
2	2013	1	22	9.67
2	2013	1	23	9.66
2	2013	1	24	10.07
2	2013	1	25	11.17
2	2013	1	26	10.88
2	2013	1	27	10.58
2	2013	1	28	10.37
2	2013	1	29	10.19
2	2013	1	30	9.94
2	2013	1	31	9.93
2	2013	2	1	9.9
2	2013	2	2	9.9
2	2013	2	3	9.87
2	2013	2	4	9.82
2	2013	2	5	9.73
2	2013	2	6	9.66
2	2013	2	7	9.46
2	2013	2	8	9.42
2	2013	2	9	9.46
2	2013	2	10	9.43
2	2013	2	11	9.4
2	2013	2	12	9.39
2	2013	2	13	9.39
2	2013	2	14	9.28
2	2013	2	15	9.32
2	2013	2	16	9.42
2	2013	2	17	9.51
2	2013	2	18	9.52
2	2013	2	19	9.5
2	2013	2	20	9.49
2	2013	2	21	9.38
2	2013	2	22	9.36
2	2013	2	23	9.29
2	2013	2	24	9.27
2	2013	2	25	8.92
2	2013	2	26	8.88
2	2013	2	27	8.9
2	2013	2	28	8.91
2	2013	3	1	9.01
2	2013	3	2	9.09
2	2013	3	3	9.11
2	2013	3	4	9.13
2	2013	3	5	9.15
2	2013	3	6	9.15
2	2013	3	7	9.1
2	2013	3	8	9.11
2	2013	3	9	9.1
2	2013	3	10	9.1
2	2013	3	11	9.1
2	2013	3	12	9.19
2	2013	3	13	9.29
2	2013	3	14	9.33
2	2013	3	15	9.46
2	2013	3	16	9.58
2	2013	3	17	9.62
2	2013	3	18	9.63
2	2013	3	19	9.68
2	2013	3	20	10.26
2	2013	3	21	10.04
2	2013	3	22	10.02
2	2013	3	23	10.14
2	2013	3	24	11.38
2	2013	3	25	11.29
2	2013	3	26	11.27
2	2013	3	27	11.25
2	2013	3	28	12.29
2	2013	3	29	11.99
2	2013	3	30	12.88
2	2013	3	31	12.47
2	2013	4	1	13.31
2	2013	4	2	12.97
2	2013	4	3	13.56
2	2013	4	4	12.89
2	2013	4	5	12.59
2	2013	4	6	12.44
2	2013	4	7	13.31
2	2013	4	8	12.77
2	2013	4	9	13.46
2	2013	4	10	12.82
2	2013	4	11	13.32
2	2013	4	12	12.6
2	2013	4	13	12.2
2	2013	4	14	11.83
2	2013	4	15	11.63
2	2013	4	16	11.44
2	2013	4	17	11.29
2	2013	4	18	12.19
2	2013	4	19	11.68
2	2013	4	20	11.43
2	2013	4	21	11.25
2	2013	4	22	11.16
2	2013	4	23	11.46
2	2013	4	24	12.28
2	2013	4	25	11.77
2	2013	4	26	11.52
2	2013	4	27	11.48
2	2013	4	28	12.52
2	2013	4	29	12.11
2	2013	4	30	12.92
2	2013	5	1	12.28
2	2013	5	2	11.81
2	2013	5	3	11.48
2	2013	5	4	11.27
2	2013	5	5	11.14
2	2013	5	6	11.13
2	2013	5	7	12.14
2	2013	5	8	11.73
2	2013	5	9	12.46
2	2013	5	10	12.02
2	2013	5	11	11.68
2	2013	5	12	11.51
2	2013	5	13	11.42
2	2013	5	14	11.32
2	2013	5	15	11.24
2	2013	5	16	11.19
2	2013	5	17	11.22
2	2013	5	18	11.33
2	2013	5	19	11.49
2	2013	5	20	11.64
2	2013	5	21	11.7
2	2013	5	22	11.7
2	2013	5	23	11.68
2	2013	5	24	11.73
2	2013	5	25	11.86
2	2013	5	26	12.07
2	2013	5	27	12.29
2	2013	5	28	13.58
2	2013	5	29	14.44
2	2013	5	30	15.02
2	2013	5	31	15.41
2	2013	6	1	14.63
2	2013	6	2	14.34
2	2013	6	3	15.27
2	2013	6	4	15.84
2	2013	6	5	16.17
2	2013	6	6	16.43
2	2013	6	7	15.58
2	2013	6	8	15.13
2	2013	6	9	14.78
2	2013	6	10	14.75
2	2013	6	11	15.32
2	2013	6	12	14.82
2	2013	6	13	14.46
2	2013	6	14	14.32
2	2013	6	15	15.41
2	2013	6	16	16.05
2	2013	6	17	15.43
2	2013	6	18	15.03
2	2013	6	19	14.74
2	2013	6	20	14.5
2	2013	6	21	14.39
2	2013	6	22	14.34
2	2013	6	23	15.39
2	2013	6	24	14.96
2	2013	6	25	14.77
2	2013	6	26	15.66
2	2013	6	27	15.13
2	2013	6	28	15.94
2	2013	6	29	15.39
2	2013	6	30	15.08
2	2013	7	1	14.9
2	2013	7	2	14.83
2	2013	7	3	15.87
2	2013	7	4	16.27
2	2013	7	5	15.63
2	2013	7	6	15.2
2	2013	7	7	14.87
2	2013	7	8	14.56
2	2013	7	9	14.33
2	2013	7	10	14.17
2	2013	7	11	15
2	2013	7	12	14.42
2	2013	7	13	14.1
2	2013	7	14	13.91
2	2013	7	15	13.78
2	2013	7	16	13.67
2	2013	7	17	13.56
2	2013	7	18	14.52
2	2013	7	19	15.08
2	2013	7	20	14.42
2	2013	7	21	14.09
2	2013	7	22	13.57
2	2013	7	23	13.02
2	2013	7	24	12.83
2	2013	7	25	12.8
2	2013	7	26	12.8
2	2013	7	27	12.79
2	2013	7	28	12.69
2	2013	7	29	12.75
2	2013	7	30	13.82
2	2013	7	31	13.32
2	2013	8	1	13
2	2013	8	2	12.88
2	2013	8	3	12.8
2	2013	8	4	12.81
2	2013	8	5	12.8
2	2013	8	6	12.7
2	2013	8	7	12.65
2	2013	8	8	13.73
2	2013	8	9	14.44
2	2013	8	10	13.87
2	2013	8	11	13.59
2	2013	8	12	13.38
2	2013	8	13	13.15
2	2013	8	14	12.93
2	2013	8	15	12.49
2	2013	8	16	12.1
2	2013	8	17	11.72
2	2013	8	18	11.44
2	2013	8	19	11.36
2	2013	8	20	11.23
2	2013	8	21	11.1
2	2013	8	22	10.93
2	2013	8	23	10.9
2	2013	8	24	10.84
2	2013	8	25	10.78
2	2013	8	26	10.68
2	2013	8	27	10.58
2	2013	8	28	10.49
2	2013	8	29	10.41
2	2013	8	30	10.45
2	2013	8	31	10.51
2	2013	9	1	10.74
2	2013	9	2	11.02
2	2013	9	3	11.2
2	2013	9	4	12.28
2	2013	9	5	11.81
2	2013	9	6	11.52
2	2013	9	7	11.4
2	2013	9	8	12.36
2	2013	9	9	11.95
2	2013	9	10	12.75
2	2013	9	11	12.2
2	2013	9	12	12.93
2	2013	9	13	13.37
2	2013	9	14	12.73
2	2013	9	15	13.54
2	2013	9	16	14.03
2	2013	9	17	13.27
2	2013	9	18	12.79
2	2013	9	19	12.42
2	2013	9	20	13.24
2	2013	9	21	12.62
2	2013	9	22	12.23
2	2013	9	23	11.97
2	2013	9	24	12.82
2	2013	9	25	12.17
2	2013	9	26	11.76
2	2013	9	27	11.58
2	2013	9	28	11.41
2	2013	9	29	11.31
2	2013	9	30	11.24
2	2013	10	1	11.58
2	2013	10	2	11.68
2	2013	10	3	11.26
2	2013	10	4	11.07
2	2013	10	5	10.92
2	2013	10	6	10.69
2	2013	10	7	10.5
2	2013	10	8	10.42
2	2013	10	9	10.42
2	2013	10	10	10.45
2	2013	10	11	10.63
2	2013	10	12	10.76
2	2013	10	13	10.91
2	2013	10	14	10.99
2	2013	10	15	11
2	2013	10	16	11.11
2	2013	10	17	11.43
2	2013	10	18	11.28
2	2013	10	19	12.3
2	2013	10	20	11.88
2	2013	10	21	11.66
2	2013	10	22	12.48
2	2013	10	23	11.98
2	2013	10	24	12.77
2	2013	10	25	13.26
2	2013	10	26	12.62
2	2013	10	27	13.25
2	2013	10	28	12.6
2	2013	10	29	12.19
2	2013	10	30	11.88
2	2013	10	31	11.52
2	2013	11	1	11.31
2	2013	11	2	11.17
2	2013	11	3	11.11
2	2013	11	4	11.02
2	2013	11	5	10.9
2	2013	11	6	10.77
2	2013	11	7	10.7
2	2013	11	8	10.68
2	2013	11	9	10.63
2	2013	11	10	10.7
2	2013	11	11	10.7
2	2013	11	12	10.73
2	2013	11	13	10.68
2	2013	11	14	10.57
2	2013	11	15	10.93
2	2013	11	16	11.14
2	2013	11	17	10.81
2	2013	11	18	10.52
2	2013	11	19	10.34
2	2013	11	20	10.13
2	2013	11	21	9.99
2	2013	11	22	10.39
2	2013	11	23	10.58
2	2013	11	24	10.23
2	2013	11	25	9.99
2	2013	11	26	9.72
2	2013	11	27	9.77
2	2013	11	28	10.27
2	2013	11	29	10.53
2	2013	11	30	10.24
2	2013	12	1	10.08
2	2013	12	2	9.95
2	2013	12	3	10.28
2	2013	12	4	9.94
2	2013	12	5	9.67
2	2013	12	6	9.57
2	2013	12	7	9.52
2	2013	12	8	9.36
2	2013	12	9	9.23
2	2013	12	10	9.13
2	2013	12	11	9.06
2	2013	12	12	8.94
2	2013	12	13	8.84
2	2013	12	14	8.73
2	2013	12	15	8.77
2	2013	12	16	9.23
2	2013	12	17	9.02
2	2013	12	18	8.94
2	2013	12	19	8.84
2	2013	12	20	9.28
2	2013	12	21	9.04
2	2013	12	22	8.86
2	2013	12	23	8.76
2	2013	12	24	8.74
2	2013	12	25	8.65
2	2013	12	26	8.55
2	2013	12	27	8.57
2	2013	12	28	8.5
2	2013	12	29	8.4
2	2013	12	30	8.42
2	2013	12	31	8.52
2	2014	1	1	8.56
2	2014	1	2	8.48
2	2014	1	3	8.58
2	2014	1	4	8.55
2	2014	1	5	8.45
2	2014	1	6	8.48
2	2014	1	7	8.58
2	2014	1	8	8.62
2	2014	1	9	8.81
2	2014	1	10	8.92
2	2014	1	11	8.92
2	2014	1	12	8.87
2	2014	1	13	8.72
2	2014	1	14	8.6
2	2014	1	15	8.58
2	2014	1	16	8.53
2	2014	1	17	8.58
2	2014	1	18	8.63
2	2014	1	19	8.6
2	2014	1	20	8.55
2	2014	1	21	8.52
2	2014	1	22	8.58
2	2014	1	23	8.52
2	2014	1	24	8.6
2	2014	1	25	8.58
2	2014	1	26	8.58
2	2014	1	27	8.53
2	2014	1	28	8.5
2	2014	1	29	8.57
2	2014	1	30	8.65
2	2014	1	31	8.81
2	2014	2	1	8.98
2	2014	2	2	9.06
2	2014	2	3	9.08
2	2014	2	4	9.04
2	2014	2	5	9.02
2	2014	2	6	9.03
2	2014	2	7	8.94
2	2014	2	8	8.85
2	2014	2	9	8.8
2	2014	2	10	8.75
2	2014	2	11	8.66
2	2014	2	12	8.47
2	2014	2	13	8.38
2	2014	2	14	8.4
2	2014	2	15	8.49
2	2014	2	16	8.6
2	2014	2	17	8.6
2	2014	2	18	8.6
2	2014	2	19	8.52
2	2014	2	20	8.42
2	2014	2	21	8.39
2	2014	2	22	8.42
2	2014	2	23	8.29
2	2014	2	24	8.31
2	2014	2	25	8.36
2	2014	2	26	8.25
2	2014	2	27	8.24
2	2014	2	28	8.3
2	2014	3	1	8.34
2	2014	3	2	8.37
2	2014	3	3	8.35
2	2014	3	4	8.4
2	2014	3	5	8.39
2	2014	3	6	8.23
2	2014	3	7	8.27
2	2014	3	8	8.31
2	2014	3	9	8.37
2	2014	3	10	8.38
2	2014	3	11	8.4
2	2014	3	12	8.46
2	2014	3	13	8.58
2	2014	3	14	8.6
2	2014	3	15	8.69
2	2014	3	16	8.63
2	2014	3	17	8.59
2	2014	3	18	8.63
2	2014	3	19	8.62
2	2014	3	20	8.56
2	2014	3	21	8.6
2	2014	3	22	8.66
2	2014	3	23	8.74
2	2014	3	24	8.86
2	2014	3	25	8.97
2	2014	3	26	9.1
2	2014	3	27	9.1
2	2014	3	28	9
2	2014	3	29	8.94
2	2014	3	30	9.1
2	2014	3	31	9.1
2	2014	4	1	9.1
2	2014	4	2	9.1
2	2014	4	3	9.01
2	2014	4	4	9.02
2	2014	4	5	9.04
2	2014	4	6	8.94
2	2014	4	7	8.84
2	2014	4	8	8.84
2	2014	4	9	8.9
2	2014	4	10	8.82
2	2014	4	11	8.9
2	2014	4	12	8.97
2	2014	4	13	9.08
2	2014	4	14	9.08
2	2014	4	15	9.02
2	2014	4	16	9.1
2	2014	4	17	9.02
2	2014	4	18	8.98
2	2014	4	19	9.09
2	2014	4	20	9.23
2	2014	4	21	9.27
2	2014	4	22	9.26
2	2014	4	23	9.32
2	2014	4	24	9.81
2	2014	4	25	10.16
2	2014	4	26	10.48
2	2014	4	27	10.31
2	2014	4	28	10.26
2	2014	4	29	10.38
2	2014	4	30	9.71
2	2014	5	1	9.56
2	2014	5	2	9.48
2	2014	5	3	9.52
2	2014	5	4	9.6
2	2014	5	5	9.6
2	2014	5	6	9.53
2	2014	5	7	9.54
2	2014	5	8	9.98
2	2014	5	9	10.24
2	2014	5	10	10.52
2	2014	5	11	10.74
2	2014	5	12	10.93
2	2014	5	13	11.11
2	2014	5	14	11.38
2	2014	5	15	10.98
2	2014	5	16	11.32
2	2014	5	17	11.65
2	2014	5	18	11.89
2	2014	5	19	12.17
2	2014	5	20	12.42
2	2014	5	21	12.53
2	2014	5	22	12.61
2	2014	5	23	12.71
2	2014	5	24	12.88
2	2014	5	25	13.15
2	2014	5	26	13.43
2	2014	5	27	13.66
2	2014	5	28	13.82
2	2014	5	29	13.82
2	2014	5	30	13.8
2	2014	5	31	13.23
2	2014	6	1	13.43
2	2014	6	2	13.53
2	2014	6	3	13.59
2	2014	6	4	12.94
2	2014	6	5	13.07
2	2014	6	6	13.34
2	2014	6	7	12.85
2	2014	6	8	12.6
2	2014	6	9	12.44
2	2014	6	10	12.93
2	2014	6	11	13.15
2	2014	6	12	12.81
2	2014	6	13	12.62
2	2014	6	14	12.58
2	2014	6	15	13.53
2	2014	6	16	14.07
2	2014	6	17	14.51
2	2014	6	18	14.81
2	2014	6	19	14.18
2	2014	6	20	13.89
2	2014	6	21	14.66
2	2014	6	22	14.16
2	2014	6	23	13.9
2	2014	6	24	13.79
2	2014	6	25	13.63
2	2014	6	26	13.52
2	2014	6	27	13.46
2	2014	6	28	14.84
2	2014	6	29	15.79
2	2014	6	30	16.56
2	2014	7	1	17.03
2	2014	7	2	17.39
2	2014	7	3	17.58
2	2014	7	4	16.64
2	2014	7	5	17.53
2	2014	7	6	18.08
2	2014	7	7	17.93
2	2014	7	8	17.08
2	2014	7	9	18.18
2	2014	7	10	18.78
2	2014	7	11	19.21
2	2014	7	12	18.79
2	2014	7	13	19.21
2	2014	7	14	18.81
2	2014	7	15	18.83
2	2014	7	16	17.77
2	2014	7	17	17.78
2	2014	7	18	17.9
2	2014	7	19	17.67
2	2014	7	20	17.18
2	2014	7	21	17.07
2	2014	7	22	16.94
2	2014	7	23	16.82
2	2014	7	24	16.86
2	2014	7	25	16.4
2	2014	7	26	16.02
2	2014	7	27	16.21
2	2014	7	28	16.43
2	2014	7	29	16.55
2	2014	7	30	17.54
2	2014	7	31	16.9
2	2014	8	1	17.98
2	2014	8	2	18.62
2	2014	8	3	18.27
2	2014	8	4	17.46
2	2014	8	5	18.63
2	2014	8	6	19.71
2	2014	8	7	19.62
2	2014	8	8	20.33
2	2014	8	9	19.88
2	2014	8	10	18.65
2	2014	8	11	17.98
2	2014	8	12	18.85
2	2014	8	13	18.86
2	2014	8	14	19.49
2	2014	8	15	19.85
2	2014	8	16	18.69
2	2014	8	17	19.09
2	2014	8	18	19.12
2	2014	8	19	18.96
2	2014	8	20	19.64
2	2014	8	21	20.24
2	2014	8	22	20.74
2	2014	8	23	20.83
2	2014	8	24	20.92
2	2014	8	25	21.07
2	2014	8	26	21.19
2	2014	8	27	21.05
2	2014	8	28	19.48
2	2014	8	29	20.08
2	2014	8	30	18.76
2	2014	8	31	18.33
2	2014	9	1	17.93
2	2014	9	2	19.02
2	2014	9	3	19.63
2	2014	9	4	19.94
2	2014	9	5	20.19
2	2014	9	6	20.4
2	2014	9	7	20.62
2	2014	9	8	20.63
2	2014	9	9	19.02
2	2014	9	10	18.07
2	2014	9	11	18.9
2	2014	9	12	19.38
2	2014	9	13	19.61
2	2014	9	14	18.3
2	2014	9	15	17.52
2	2014	9	16	18.32
2	2014	9	17	17.29
2	2014	9	18	18.41
2	2014	9	19	18.75
2	2014	9	20	19.02
2	2014	9	21	19.27
2	2014	9	22	19.42
2	2014	9	23	19.58
2	2014	9	24	19.82
2	2014	9	25	19.92
2	2014	9	26	19.99
2	2014	9	27	20.02
2	2014	9	28	18.42
2	2014	9	29	17.3
2	2014	9	30	16.58
2	2014	10	1	16.02
2	2014	10	2	15.42
2	2014	10	3	14.97
2	2014	10	4	14.67
2	2014	10	5	14.64
2	2014	10	6	15.82
2	2014	10	7	15.19
2	2014	10	8	16.17
2	2014	10	9	15.59
2	2014	10	10	16.64
2	2014	10	11	17.17
2	2014	10	12	16.33
2	2014	10	13	17.19
2	2014	10	14	16.09
2	2014	10	15	15.45
2	2014	10	16	15.03
2	2014	10	17	16.22
2	2014	10	18	15.5
2	2014	10	19	16.55
2	2014	10	20	15.59
2	2014	10	21	14.99
2	2014	10	22	14.66
2	2014	10	23	15.8
2	2014	10	24	15.1
2	2014	10	25	16.28
2	2014	10	26	17.1
2	2014	10	27	17.89
2	2014	10	28	18.36
2	2014	10	29	18.56
2	2014	10	30	18.83
2	2014	10	31	18.98
2	2014	11	1	19.3
2	2014	11	2	19.38
2	2014	11	3	19.48
2	2014	11	4	19.56
2	2014	11	5	19.66
2	2014	11	6	19.5
2	2014	11	7	17.9
2	2014	11	8	17.35
2	2014	11	9	18.33
2	2014	11	10	18.86
2	2014	11	11	17.49
2	2014	11	12	16.7
2	2014	11	13	16.08
2	2014	11	14	15.32
2	2014	11	15	14.88
2	2014	11	16	14.45
2	2014	11	17	13.98
2	2014	11	18	14
2	2014	11	19	13.96
2	2014	11	20	13.77
2	2014	11	21	14.88
2	2014	11	22	15.57
2	2014	11	23	15.82
2	2014	11	24	14.57
2	2014	11	25	15.4
2	2014	11	26	16.08
2	2014	11	27	16.52
2	2014	11	28	16.77
2	2014	11	29	16.92
2	2014	11	30	16.95
2	2014	12	1	15.71
2	2014	12	2	14.7
2	2014	12	3	14.25
2	2014	12	4	14.41
2	2014	12	5	14.55
2	2014	12	6	13.77
2	2014	12	7	13.34
2	2014	12	8	13.82
2	2014	12	9	13.8
2	2014	12	10	13.8
2	2014	12	11	13.8
2	2014	12	12	13.8
2	2014	12	13	13.8
2	2014	12	14	13.8
2	2014	12	15	13.8
2	2014	12	16	13.8
2	2014	12	17	13.8
2	2014	12	18	13.8
2	2014	12	19	13.8
2	2014	12	20	13.8
2	2014	12	21	13.8
2	2014	12	22	13.8
2	2014	12	23	13.8
2	2014	12	24	13.8
2	2014	12	25	13.8
2	2014	12	26	13.8
2	2014	12	27	13.8
2	2014	12	28	13.8
2	2014	12	29	13.8
2	2014	12	30	13.8
2	2014	12	31	13.8
2	2015	1	1	13.8
2	2015	1	2	13.8
2	2015	1	3	13.8
2	2015	1	4	13.8
2	2015	1	5	13.8
2	2015	1	6	13.8
2	2015	1	7	13.8
2	2015	1	8	13.8
2	2015	1	9	13.8
2	2015	1	10	13.8
2	2015	1	11	13.8
2	2015	1	12	13.8
2	2015	1	13	13.8
2	2015	1	14	13.8
2	2015	1	15	13.8
2	2015	1	16	13.8
2	2015	1	17	13.8
2	2015	1	18	13.8
2	2015	1	19	13.8
2	2015	1	20	13.8
2	2015	1	21	12.27
2	2015	1	22	9.19
2	2015	1	23	8.98
2	2015	1	24	9.08
2	2015	1	25	9.04
2	2015	1	26	9.16
2	2015	1	27	9.84
2	2015	1	28	9.57
2	2015	1	29	9.38
2	2015	1	30	9.37
2	2015	1	31	9.35
2	2015	2	1	9.23
2	2015	2	2	9.22
2	2015	2	3	9.3
2	2015	2	4	9.2
2	2015	2	5	9.05
2	2015	2	6	9.1
2	2015	2	7	9.26
2	2015	2	8	9.25
2	2015	2	9	9.11
2	2015	2	10	9.1
2	2015	2	11	9.1
2	2015	2	12	9.11
2	2015	2	13	9.27
2	2015	2	14	9.99
2	2015	2	15	10.47
2	2015	2	16	10.68
2	2015	2	17	10.28
2	2015	2	18	10.05
2	2015	2	19	10
2	2015	2	20	10.56
2	2015	2	21	10.15
2	2015	2	22	9.98
2	2015	2	23	9.9
2	2015	2	24	9.8
2	2015	2	25	9.59
2	2015	2	26	9.52
2	2015	2	27	9.61
2	2015	2	28	9.78
2	2015	3	1	10.45
2	2015	3	2	10.18
2	2015	3	3	9.99
2	2015	3	4	9.97
2	2015	3	5	10.52
2	2015	3	6	10.32
2	2015	3	7	10.35
2	2015	3	8	10.93
2	2015	3	9	10.6
2	2015	3	10	10.41
2	2015	3	11	10.41
2	2015	3	12	10.94
2	2015	3	13	11.31
2	2015	3	14	11.46
2	2015	3	15	10.96
2	2015	3	16	10.68
2	2015	3	17	10.46
2	2015	3	18	10.72
2	2015	3	19	11.26
2	2015	3	20	11.49
2	2015	3	21	11.18
2	2015	3	22	11.58
2	2015	3	23	11.17
2	2015	3	24	10.94
2	2015	3	25	10.98
2	2015	3	26	11.37
2	2015	3	27	11.1
2	2015	3	28	11.07
2	2015	3	29	11.2
2	2015	3	30	11.86
2	2015	3	31	12.32
2	2015	4	1	12.69
2	2015	4	2	13.02
2	2015	4	3	13.36
2	2015	4	4	13.7
2	2015	4	5	14.04
2	2015	4	6	14.14
2	2015	4	7	13.67
2	2015	4	8	13.58
2	2015	4	9	14.18
2	2015	4	10	14.4
2	2015	4	11	13.99
2	2015	4	12	13.71
2	2015	4	13	13.18
2	2015	4	14	12.84
2	2015	4	15	12.5
2	2015	4	16	12.2
2	2015	4	17	12
2	2015	4	18	11.86
2	2015	4	19	11.63
2	2015	4	20	11.5
2	2015	4	21	11.57
2	2015	4	22	12.18
2	2015	4	23	12.33
2	2015	4	24	11.96
2	2015	4	25	11.9
2	2015	4	26	12.34
2	2015	4	27	12.05
2	2015	4	28	11.8
2	2015	4	29	11.57
2	2015	4	30	11.48
2	2015	5	1	11.45
2	2015	5	2	11.65
2	2015	5	3	12.23
2	2015	5	4	12.23
2	2015	5	5	12.77
2	2015	5	6	13.02
2	2015	5	7	13.4
2	2015	5	8	13.88
2	2015	5	9	14.73
2	2015	5	10	15.24
2	2015	5	11	15.64
2	2015	5	12	16.02
2	2015	5	13	16.31
2	2015	5	14	16.52
2	2015	5	15	16.43
2	2015	5	16	16.52
2	2015	5	17	16.62
2	2015	5	18	15.93
2	2015	5	19	16.48
2	2015	5	20	16.79
2	2015	5	21	16.98
2	2015	5	22	17.16
2	2015	5	23	17.4
2	2015	5	24	17.61
2	2015	5	25	17.79
2	2015	5	26	17.88
2	2015	5	27	17.96
2	2015	5	28	17.81
2	2015	5	29	16.8
2	2015	5	30	16.34
2	2015	5	31	16.97
2	2015	6	1	17.18
2	2015	6	2	16.35
2	2015	6	3	15.86
2	2015	6	4	15.5
2	2015	6	5	15.32
2	2015	6	6	16.15
2	2015	6	7	16.64
2	2015	6	8	16.91
2	2015	6	9	16.17
2	2015	6	10	15.72
2	2015	6	11	15.36
2	2015	6	12	15.11
2	2015	6	13	14.98
2	2015	6	14	14.97
2	2015	6	15	15.86
2	2015	6	16	16.42
2	2015	6	17	16.82
2	2015	6	18	16.92
2	2015	6	19	16.33
2	2015	6	20	16.86
2	2015	6	21	16.34
2	2015	6	22	17.57
2	2015	6	23	18.39
2	2015	6	24	19.02
2	2015	6	25	19.4
2	2015	6	26	18.1
2	2015	6	27	17.39
2	2015	6	28	16.93
2	2015	6	29	16.59
2	2015	6	30	16.46
2	2015	7	1	17.78
2	2015	7	2	18.6
2	2015	7	3	19.24
2	2015	7	4	19.72
2	2015	7	5	20.17
2	2015	7	6	20.44
2	2015	7	7	19.13
2	2015	7	8	18.43
2	2015	7	9	19.49
2	2015	7	10	20.13
2	2015	7	11	20.6
2	2015	7	12	20.9
2	2015	7	13	21.01
2	2015	7	14	19.68
2	2015	7	15	20.48
2	2015	7	16	20.87
2	2015	7	17	20.92
2	2015	7	18	19.52
2	2015	7	19	18.66
2	2015	7	20	18
2	2015	7	21	17.65
2	2015	7	22	18.85
2	2015	7	23	19.53
2	2015	7	24	20.05
2	2015	7	25	20.33
2	2015	7	26	19.13
2	2015	7	27	19.92
2	2015	7	28	20.37
2	2015	7	29	20.64
2	2015	7	30	19.32
2	2015	7	31	19.93
2	2015	8	1	18.77
2	2015	8	2	18.08
2	2015	8	3	17.69
2	2015	8	4	18.97
2	2015	8	5	19.63
2	2015	8	6	18.53
2	2015	8	7	19.44
2	2015	8	8	20.01
2	2015	8	9	20.33
2	2015	8	10	19.07
2	2015	8	11	18.38
2	2015	8	12	19.43
2	2015	8	13	19.99
2	2015	8	14	20.42
2	2015	8	15	20.63
2	2015	8	16	19.21
2	2015	8	17	18.26
2	2015	8	18	17.56
2	2015	8	19	16.96
2	2015	8	20	16.38
2	2015	8	21	16.01
2	2015	8	22	15.72
2	2015	8	23	15.51
2	2015	8	24	15.37
2	2015	8	25	15.23
2	2015	8	26	16.63
2	2015	8	27	17.34
2	2015	8	28	17.94
2	2015	8	29	18.43
2	2015	8	30	18.86
2	2015	8	31	19.21
2	2015	9	1	19.47
2	2015	9	2	19.63
2	2015	9	3	19.71
2	2015	9	4	19.74
2	2015	9	5	18.44
2	2015	9	6	19.3
2	2015	9	7	19.8
2	2015	9	8	20.11
2	2015	9	9	20.28
2	2015	9	10	20.21
2	2015	9	11	18.62
2	2015	9	12	17.63
2	2015	9	13	17.04
2	2015	9	14	16.56
2	2015	9	15	16.25
2	2015	9	16	17.5
2	2015	9	17	18.12
2	2015	9	18	18.58
2	2015	9	19	19
2	2015	9	20	19.4
2	2015	9	21	19.73
2	2015	9	22	19.97
2	2015	9	23	20.1
2	2015	9	24	20.13
2	2015	9	25	18.75
2	2015	9	26	19.38
2	2015	9	27	18.19
2	2015	9	28	17.05
2	2015	9	29	16.38
2	2015	9	30	15.77
2	2015	10	1	15.21
2	2015	10	2	14.82
2	2015	10	3	14.68
2	2015	10	4	16.08
2	2015	10	5	15.48
2	2015	10	6	16.66
2	2015	10	7	15.77
2	2015	10	8	15.27
2	2015	10	9	16.38
2	2015	10	10	15.63
2	2015	10	11	15.23
2	2015	10	12	14.94
2	2015	10	13	14.82
2	2015	10	14	15.76
2	2015	10	15	16.15
2	2015	10	16	15.47
2	2015	10	17	16.27
2	2015	10	18	16.77
2	2015	10	19	17.08
2	2015	10	20	17.27
2	2015	10	21	17.39
2	2015	10	22	17.47
2	2015	10	23	17.52
2	2015	10	24	17.52
2	2015	10	25	16.39
2	2015	10	26	15.5
2	2015	10	27	14.81
2	2015	10	28	14.28
2	2015	10	29	13.82
2	2015	10	30	13.53
2	2015	10	31	13.26
2	2015	11	1	12.96
2	2015	11	2	12.67
2	2015	11	3	12.52
2	2015	11	4	12.37
2	2015	11	5	12.28
2	2015	11	6	13.32
2	2015	11	7	12.81
2	2015	11	8	12.4
2	2015	11	9	12.16
2	2015	11	10	12.05
2	2015	11	11	11.84
2	2015	11	12	11.72
2	2015	11	13	12.79
2	2015	11	14	13.38
2	2015	11	15	12.63
2	2015	11	16	12.17
2	2015	11	17	11.81
2	2015	11	18	11.41
2	2015	11	19	11.07
2	2015	11	20	10.94
2	2015	11	21	10.87
2	2015	11	22	12.01
2	2015	11	23	12.68
2	2015	11	24	13.11
2	2015	11	25	12.32
2	2015	11	26	11.91
2	2015	11	27	11.67
2	2015	11	28	11.52
2	2015	11	29	11.36
2	2015	11	30	11.15
2	2015	12	1	10.96
2	2015	12	2	10.78
2	2015	12	3	10.69
2	2015	12	4	10.61
2	2015	12	5	10.6
2	2015	12	6	10.54
2	2015	12	7	10.43
2	2015	12	8	10.35
2	2015	12	9	10.26
2	2015	12	10	10.14
2	2015	12	11	10.09
2	2015	12	12	10.06
2	2015	12	13	9.93
2	2015	12	14	9.8
2	2015	12	15	9.73
2	2015	12	16	9.56
2	2015	12	17	9.4
2	2015	12	18	9.47
2	2015	12	19	9.5
2	2015	12	20	9.45
2	2015	12	21	9.34
2	2015	12	22	9.05
2	2015	12	23	8.94
2	2015	12	24	8.86
2	2015	12	25	8.87
2	2015	12	26	8.87
2	2015	12	27	8.78
2	2015	12	28	8.72
2	2015	12	29	8.79
2	2015	12	30	8.73
2	2015	12	31	8.63
2	2016	1	1	8.77
2	2016	1	2	8.91
2	2016	1	3	8.98
2	2016	1	4	8.98
2	2016	1	5	8.95
2	2016	1	6	8.85
2	2016	1	7	8.66
2	2016	1	8	8.64
2	2016	1	9	8.5
2	2016	1	10	8.49
2	2016	1	11	8.46
2	2016	1	12	8.4
2	2016	1	13	8.39
2	2016	1	14	8.32
2	2016	1	15	9.28
2	2016	1	16	8.9
2	2016	1	17	8.77
2	2016	1	18	8.73
2	2016	1	19	8.67
2	2016	1	20	8.57
2	2016	1	21	8.42
2	2016	1	22	8.29
2	2016	1	23	8.39
2	2016	1	24	8.39
2	2016	1	25	8.37
2	2016	1	26	8.29
2	2016	1	27	8.17
2	2016	1	28	8.1
2	2016	1	29	8.1
2	2016	1	30	8.1
2	2016	1	31	8.1
2	2016	2	1	8.1
2	2016	2	2	8.08
2	2016	2	3	7.98
2	2016	2	4	7.98
2	2016	2	5	8.08
2	2016	2	6	8.1
2	2016	2	7	8.13
2	2016	2	8	8.15
2	2016	2	9	8.26
2	2016	2	10	8.35
2	2016	2	11	8.3
2	2016	2	12	8.47
2	2016	2	13	9.23
2	2016	2	14	9.56
2	2016	2	15	9.13
2	2016	2	16	8.97
2	2016	2	17	8.97
2	2016	2	18	8.93
2	2016	2	19	8.9
2	2016	2	20	8.9
2	2016	2	21	8.92
2	2016	2	22	8.89
2	2016	2	23	8.73
2	2016	2	24	8.58
2	2016	2	25	8.69
2	2016	2	26	8.8
2	2016	2	27	8.81
2	2016	2	28	8.88
2	2016	2	29	8.9
2	2016	3	1	8.93
2	2016	3	2	9.97
2	2016	3	3	9.4
2	2016	3	4	9.26
2	2016	3	5	9.32
2	2016	3	6	10.39
2	2016	3	7	9.95
2	2016	3	8	9.73
2	2016	3	9	9.52
2	2016	3	10	9.27
2	2016	3	11	9.16
2	2016	3	12	9.03
2	2016	3	13	8.99
2	2016	3	14	9
2	2016	3	15	9.03
2	2016	3	16	9.1
2	2016	3	17	9.1
2	2016	3	18	9.08
2	2016	3	19	9.08
2	2016	3	20	9.21
2	2016	3	21	9.32
2	2016	3	22	9.4
2	2016	3	23	9.4
2	2016	3	24	9.34
2	2016	3	25	9.3
2	2016	3	26	9.3
2	2016	3	27	9.3
2	2016	3	28	9.36
2	2016	3	29	9.44
2	2016	3	30	9.5
2	2016	3	31	9.45
2	2016	4	1	9.45
2	2016	4	2	9.44
2	2016	4	3	9.54
2	2016	4	4	9.6
2	2016	4	5	9.6
2	2016	4	6	9.69
2	2016	4	7	10.79
2	2016	4	8	11.54
2	2016	4	9	12.18
2	2016	4	10	12.68
2	2016	4	11	12.97
2	2016	4	12	13.13
2	2016	4	13	12.03
2	2016	4	14	11.25
2	2016	4	15	10.77
2	2016	4	16	10.48
2	2016	4	17	10.28
2	2016	4	18	10.13
2	2016	4	19	10.12
2	2016	4	20	11.11
2	2016	4	21	11.65
2	2016	4	22	11.8
2	2016	4	23	11.07
2	2016	4	24	10.74
2	2016	4	25	10.53
2	2016	4	26	10.34
2	2016	4	27	10.22
2	2016	4	28	11.07
2	2016	4	29	10.47
2	2016	4	30	10.18
2	2016	5	1	10.03
2	2016	5	2	10.01
2	2016	5	3	10.92
2	2016	5	4	11.51
2	2016	5	5	11.97
2	2016	5	6	12.45
2	2016	5	7	12.93
2	2016	5	8	13.33
2	2016	5	9	13.63
2	2016	5	10	13.92
2	2016	5	11	14.12
2	2016	5	12	14.27
2	2016	5	13	14.43
2	2016	5	14	14.64
2	2016	5	15	14.88
2	2016	5	16	15.05
2	2016	5	17	15.13
2	2016	5	18	14.7
2	2016	5	19	14.32
2	2016	5	20	13.93
2	2016	5	21	13.32
2	2016	5	22	12.99
2	2016	5	23	12.81
2	2016	5	24	12.72
2	2016	5	25	13.74
2	2016	5	26	14.84
2	2016	5	27	15.62
2	2016	5	28	16.28
2	2016	5	29	16.84
2	2016	5	30	17.28
2	2016	5	31	17.6
2	2016	6	1	16.31
2	2016	6	2	15.59
2	2016	6	3	16.72
2	2016	6	4	17.27
2	2016	6	5	16.05
2	2016	6	6	15.32
2	2016	6	7	14.83
2	2016	6	8	14.52
2	2016	6	9	14.34
2	2016	6	10	15.82
2	2016	6	11	16.76
2	2016	6	12	17.44
2	2016	6	13	17.97
2	2016	6	14	18.27
2	2016	6	15	16.91
2	2016	6	16	16.06
2	2016	6	17	15.58
2	2016	6	18	16.77
2	2016	6	19	15.9
2	2016	6	20	15.49
2	2016	6	21	16.77
2	2016	6	22	17.57
2	2016	6	23	18.14
2	2016	6	24	18.63
2	2016	6	25	18.99
2	2016	6	26	19.29
2	2016	6	27	19.44
2	2016	6	28	18.07
2	2016	6	29	17.23
2	2016	6	30	16.57
2	2016	7	1	16.08
2	2016	7	2	15.76
2	2016	7	3	15.59
2	2016	7	4	16.98
2	2016	7	5	17.85
2	2016	7	6	18.38
2	2016	7	7	17.33
2	2016	7	8	18.28
2	2016	7	9	18.91
2	2016	7	10	19.31
2	2016	7	11	18.24
2	2016	7	12	18.98
2	2016	7	13	17.88
2	2016	7	14	17.14
2	2016	7	15	16.73
2	2016	7	16	17.92
2	2016	7	17	17.23
2	2016	7	18	16.78
2	2016	7	19	18.02
2	2016	7	20	18.79
2	2016	7	21	19.31
2	2016	7	22	19.58
2	2016	7	23	18.36
2	2016	7	24	19.16
2	2016	7	25	19.67
2	2016	7	26	20.03
2	2016	7	27	20.33
2	2016	7	28	20.51
2	2016	7	29	20.64
2	2016	7	30	20.67
2	2016	7	31	19.24
2	2016	8	1	18.33
2	2016	8	2	17.68
2	2016	8	3	17.22
2	2016	8	4	18.36
2	2016	8	5	18.91
2	2016	8	6	17.76
2	2016	8	7	17.08
2	2016	8	8	16.68
2	2016	8	9	17.8
2	2016	8	10	18.42
2	2016	8	11	17.07
2	2016	8	12	16.15
2	2016	8	13	15.61
2	2016	8	14	15.28
2	2016	8	15	15.06
2	2016	8	16	16.37
2	2016	8	17	17.1
2	2016	8	18	17.47
2	2016	8	19	16.3
2	2016	8	20	17.16
2	2016	8	21	16.17
2	2016	8	22	15.58
2	2016	8	23	15.21
2	2016	8	24	16.36
2	2016	8	25	15.48
2	2016	8	26	16.58
2	2016	8	27	17.33
2	2016	8	28	17.88
2	2016	8	29	18.27
2	2016	8	30	18.55
2	2016	8	31	18.74
2	2016	9	1	18.84
2	2016	9	2	19.12
2	2016	9	3	19.07
2	2016	9	4	17.58
2	2016	9	5	16.71
2	2016	9	6	16.02
2	2016	9	7	15.48
2	2016	9	8	14.92
2	2016	9	9	14.58
2	2016	9	10	15.79
2	2016	9	11	15.03
2	2016	9	12	14.69
2	2016	9	13	15.82
2	2016	9	14	15.04
2	2016	9	15	16.06
2	2016	9	16	15.48
2	2016	9	17	14.68
2	2016	9	18	14.25
2	2016	9	19	13.93
2	2016	9	20	13.62
2	2016	9	21	13.43
2	2016	9	22	14.68
2	2016	9	23	14.02
2	2016	9	24	15.28
2	2016	9	25	16.13
2	2016	9	26	16.73
2	2016	9	27	17.02
2	2016	9	28	15.71
2	2016	9	29	14.91
2	2016	9	30	14.43
2	2016	10	1	14.1
2	2016	10	2	13.87
2	2016	10	3	13.7
2	2016	10	4	14.34
2	2016	10	5	15.09
2	2016	10	6	14.78
2	2016	10	7	14.26
2	2016	10	8	14.06
2	2016	10	9	14.46
2	2016	10	10	14.69
2	2016	10	11	14.82
2	2016	10	12	14.93
2	2016	10	13	14.96
2	2016	10	14	14.94
2	2016	10	15	15.02
2	2016	10	16	15.1
2	2016	10	17	15.08
2	2016	10	18	15.05
2	2016	10	19	14.96
2	2016	10	20	14.87
2	2016	10	21	14.82
2	2016	10	22	14.86
2	2016	10	23	14.89
2	2016	10	24	14.92
2	2016	10	25	14.91
2	2016	10	26	14.88
2	2016	10	27	14.6
2	2016	10	28	14.14
2	2016	10	29	14.37
2	2016	10	30	14.49
2	2016	10	31	14.57
2	2016	11	1	14.45
2	2016	11	2	14.34
2	2016	11	3	14.32
2	2016	11	4	14.36
2	2016	11	5	14.41
2	2016	11	6	14.47
2	2016	11	7	14.5
2	2016	11	8	14.45
2	2016	11	9	13.85
2	2016	11	10	13.45
2	2016	11	11	13.62
2	2016	11	12	13.22
2	2016	11	13	13.49
2	2016	11	14	13.63
2	2016	11	15	13.23
2	2016	11	16	13.45
2	2016	11	17	13.04
2	2016	11	18	13.27
2	2016	11	19	12.96
2	2016	11	20	13.29
2	2016	11	21	13.49
2	2016	11	22	13.13
2	2016	11	23	12.93
2	2016	11	24	12.77
2	2016	11	25	12.67
2	2016	11	26	12.65
2	2016	11	27	12.56
2	2016	11	28	12.39
2	2016	11	29	12.73
2	2016	11	30	12.42
2	2016	12	1	12.23
2	2016	12	2	12.08
2	2016	12	3	12.48
2	2016	12	4	12.04
2	2016	12	5	11.65
2	2016	12	6	11.38
2	2016	12	7	11.26
2	2016	12	8	11.13
2	2016	12	9	11.1
2	2016	12	10	11.04
2	2016	12	11	10.87
2	2016	12	12	10.75
2	2016	12	13	10.63
2	2016	12	14	10.46
2	2016	12	15	10.37
2	2016	12	16	10.27
2	2016	12	17	10.18
2	2016	12	18	10.13
2	2016	12	19	10.01
2	2016	12	20	9.94
2	2016	12	21	9.85
2	2016	12	22	9.8
2	2016	12	23	9.8
2	2016	12	24	9.77
2	2016	12	25	9.75
2	2016	12	26	9.66
2	2016	12	27	9.65
2	2016	12	28	9.63
2	2016	12	29	9.63
2	2016	12	30	9.8
2	2016	12	31	9.8
2	2017	1	1	9.78
2	2017	1	2	9.66
2	2017	1	3	9.5
2	2017	1	4	9.46
2	2017	1	5	9.35
2	2017	1	6	9.27
2	2017	1	7	9.29
2	2017	1	8	9.1
2	2017	1	9	8.73
2	2017	1	10	8.32
2	2017	1	11	7.98
2	2017	1	12	7.73
2	2017	1	13	7.53
2	2017	1	14	7.33
2	2017	1	15	7.14
2	2017	1	16	6.96
2	2017	1	17	6.83
2	2017	1	18	6.67
2	2017	1	19	6.43
2	2017	1	20	6.29
2	2017	1	21	6.13
2	2017	1	22	5.95
2	2017	1	23	5.95
2	2017	1	24	5.96
2	2017	1	25	5.88
2	2017	1	26	6.04
2	2017	1	27	6.39
2	2017	1	28	6.76
2	2017	1	29	7.07
2	2017	1	30	7.29
2	2017	1	31	7.47
2	2017	2	1	7.67
2	2017	2	2	7.9
2	2017	2	3	8.14
2	2017	2	4	8.38
2	2017	2	5	8.54
2	2017	2	6	8.46
2	2017	2	7	8.35
2	2017	2	8	8.23
2	2017	2	9	8.36
2	2017	2	10	8.5
2	2017	2	11	8.59
2	2017	2	12	8.64
2	2017	2	13	8.69
2	2017	2	14	8.67
2	2017	2	15	8.67
2	2017	2	16	8.76
2	2017	2	17	8.8
2	2017	2	18	8.77
2	2017	2	19	8.82
2	2017	2	20	8.87
2	2017	2	21	8.77
2	2017	2	22	8.71
2	2017	2	23	8.7
2	2017	2	24	8.73
2	2017	2	25	8.87
2	2017	2	26	8.99
2	2017	2	27	9.06
2	2017	2	28	9.1
2	2017	3	1	9.1
2	2017	3	2	9.29
2	2017	3	3	9.48
2	2017	3	4	9.57
2	2017	3	5	9.47
2	2017	3	6	9.4
2	2017	3	7	9.39
2	2017	3	8	10.16
2	2017	3	9	9.71
2	2017	3	10	9.55
2	2017	3	11	9.48
2	2017	3	12	9.5
2	2017	3	13	9.51
2	2017	3	14	9.63
2	2017	3	15	9.77
2	2017	3	16	9.8
2	2017	3	17	9.88
2	2017	3	18	10.94
2	2017	3	19	11.58
2	2017	3	20	11.15
2	2017	3	21	11.74
2	2017	3	22	12.09
2	2017	3	23	12.54
2	2017	3	24	12.83
2	2017	3	25	12.3
2	2017	3	26	12.85
2	2017	3	27	13.18
2	2017	3	28	13.43
2	2017	3	29	13.58
2	2017	3	30	13.12
2	2017	3	31	12.73
2	2017	4	1	12.35
2	2017	4	2	12.07
2	2017	4	3	11.74
2	2017	4	4	11.55
2	2017	4	5	11.57
2	2017	4	6	11.56
2	2017	4	7	11.44
2	2017	4	8	11.46
2	2017	4	9	12.46
2	2017	4	10	13.04
2	2017	4	11	13.45
2	2017	4	12	13.77
2	2017	4	13	13.98
2	2017	4	14	14.18
2	2017	4	15	14.38
2	2017	4	16	14.55
2	2017	4	17	14.69
2	2017	4	18	14.62
2	2017	4	19	14.29
2	2017	4	20	14.34
2	2017	4	21	14.3
2	2017	4	22	14.52
2	2017	4	23	14.99
2	2017	4	24	15.32
2	2017	4	25	14.23
2	2017	4	26	15.01
2	2017	4	27	15.46
2	2017	4	28	15.85
2	2017	4	29	16.17
2	2017	4	30	16.38
2	2017	5	1	15.03
2	2017	5	2	14.29
2	2017	5	3	15.13
2	2017	5	4	13.99
2	2017	5	5	13.13
2	2017	5	6	12.31
2	2017	5	7	11.66
2	2017	5	8	12.63
2	2017	5	9	13.29
2	2017	5	10	14.07
2	2017	5	11	14.7
2	2017	5	12	15.19
2	2017	5	13	15.63
2	2017	5	14	16.05
2	2017	5	15	16.29
2	2017	5	16	15.06
2	2017	5	17	15.43
2	2017	5	18	15.94
2	2017	5	19	16.31
2	2017	5	20	16.59
2	2017	5	21	16.75
2	2017	5	22	15.38
2	2017	5	23	14.5
2	2017	5	24	13.96
2	2017	5	25	15.06
2	2017	5	26	15.7
2	2017	5	27	16.17
2	2017	5	28	16.56
2	2017	5	29	16.76
2	2017	5	30	15.52
2	2017	5	31	14.68
2	2017	6	1	13.98
2	2017	6	2	13.52
2	2017	6	3	13.25
2	2017	6	4	12.98
2	2017	6	5	12.83
2	2017	6	6	14.04
2	2017	6	7	13.27
2	2017	6	8	12.88
2	2017	6	9	12.61
2	2017	6	10	12.42
2	2017	6	11	12.37
2	2017	6	12	12.36
2	2017	6	13	13.68
2	2017	6	14	13.05
2	2017	6	15	12.67
2	2017	6	16	12.41
2	2017	6	17	12.26
2	2017	6	18	12.18
2	2017	6	19	12.1
2	2017	6	20	11.95
2	2017	6	21	11.55
2	2017	6	22	11.41
2	2017	6	23	11.37
2	2017	6	24	11.36
2	2017	6	25	11.4
2	2017	6	26	11.37
2	2017	6	27	11.43
2	2017	6	28	12.93
2	2017	6	29	13.72
2	2017	6	30	12.85
2	2017	7	1	12.45
2	2017	7	2	12.22
2	2017	7	3	12.11
2	2017	7	4	13.52
2	2017	7	5	14.4
2	2017	7	6	15.11
2	2017	7	7	15.43
2	2017	7	8	15.73
2	2017	7	9	16.02
2	2017	7	10	16.26
2	2017	7	11	16.48
2	2017	7	12	16.66
2	2017	7	13	16.82
2	2017	7	14	16.87
2	2017	7	15	15.67
2	2017	7	16	16.26
2	2017	7	17	16.5
2	2017	7	18	15.36
2	2017	7	19	14.67
2	2017	7	20	15.4
2	2017	7	21	14.48
2	2017	7	22	13.99
2	2017	7	23	14.97
2	2017	7	24	15.36
2	2017	7	25	14.36
2	2017	7	26	13.71
2	2017	7	27	12.98
2	2017	7	28	12.23
2	2017	7	29	11.66
2	2017	7	30	12.48
2	2017	7	31	12.89
2	2017	8	1	13.15
2	2017	8	2	13.32
2	2017	8	3	13.38
2	2017	8	4	12.22
2	2017	8	5	11.81
2	2017	8	6	11.65
2	2017	8	7	11.6
2	2017	8	8	11.56
2	2017	8	9	11.52
2	2017	8	10	11.56
2	2017	8	11	12.91
2	2017	8	12	13.86
2	2017	8	13	14.53
2	2017	8	14	15.06
2	2017	8	15	15.46
2	2017	8	16	15.8
2	2017	8	17	16.03
2	2017	8	18	16.21
2	2017	8	19	16.39
2	2017	8	20	16.57
2	2017	8	21	15.38
2	2017	8	22	15.88
2	2017	8	23	14.82
2	2017	8	24	15.49
2	2017	8	25	15.87
2	2017	8	26	16.15
2	2017	8	27	16.36
2	2017	8	28	16.51
2	2017	8	29	16.48
2	2017	8	30	14.82
2	2017	8	31	13.84
2	2017	9	1	13.23
2	2017	9	2	12.85
2	2017	9	3	12.61
2	2017	9	4	12.42
2	2017	9	5	12.27
2	2017	9	6	13.38
2	2017	9	7	12.67
2	2017	9	8	13.63
2	2017	9	9	14.22
2	2017	9	10	14.71
2	2017	9	11	15.07
2	2017	9	12	15.32
2	2017	9	13	15.54
2	2017	9	14	15.67
2	2017	9	15	15.84
2	2017	9	16	15.96
2	2017	9	17	16.13
2	2017	9	18	16.23
2	2017	9	19	16.3
2	2017	9	20	16.39
2	2017	9	21	16.33
2	2017	9	22	15.07
2	2017	9	23	15.65
2	2017	9	24	16.01
2	2017	9	25	16.13
2	2017	9	26	14.7
2	2017	9	27	13.63
2	2017	9	28	14.23
2	2017	9	29	14.8
2	2017	9	30	15.37
2	2017	10	1	15.83
2	2017	10	2	16.17
2	2017	10	3	16.33
2	2017	10	4	15.21
2	2017	10	5	15.69
2	2017	10	6	14.68
2	2017	10	7	13.94
2	2017	10	8	13.2
2	2017	10	9	12.82
2	2017	10	10	12.56
2	2017	10	11	12.36
2	2017	10	12	12.17
2	2017	10	13	12.1
2	2017	10	14	12.14
2	2017	10	15	13.48
2	2017	10	16	13
2	2017	10	17	14.02
2	2017	10	18	13.32
2	2017	10	19	14.21
2	2017	10	20	13.45
2	2017	10	21	14.4
2	2017	10	22	13.49
2	2017	10	23	12.89
2	2017	10	24	12.53
2	2017	10	25	12.34
2	2017	10	26	13.51
2	2017	10	27	14.27
2	2017	10	28	14.46
2	2017	10	29	13.52
2	2017	10	30	12.95
2	2017	10	31	12.54
2	2017	11	1	12.15
2	2017	11	2	11.92
2	2017	11	3	13.43
2	2017	11	4	14.08
2	2017	11	5	14.58
2	2017	11	6	14.98
2	2017	11	7	13.88
2	2017	11	8	13.18
2	2017	11	9	12.65
2	2017	11	10	13.02
2	2017	11	11	12.51
2	2017	11	12	12.93
2	2017	11	13	13.16
2	2017	11	14	13.28
2	2017	11	15	12.61
2	2017	11	16	13.33
2	2017	11	17	13.38
2	2017	11	18	13.48
2	2017	11	19	12.79
2	2017	11	20	13.1
2	2017	11	21	13.27
2	2017	11	22	13.38
2	2017	11	23	12.65
2	2017	11	24	12.23
2	2017	11	25	12
2	2017	11	26	12.62
2	2017	11	27	12.22
2	2017	11	28	12.65
2	2017	11	29	12.17
2	2017	11	30	12.13
2	2017	12	1	12.13
2	2017	12	2	12.16
2	2017	12	3	12.16
2	2017	12	4	12.15
2	2017	12	5	11.71
2	2017	12	6	11.39
2	2017	12	7	11.07
2	2017	12	8	10.74
2	2017	12	9	10.57
2	2017	12	10	10.47
2	2017	12	11	10.35
2	2017	12	12	10.69
2	2017	12	13	10.86
2	2017	12	14	10.84
2	2017	12	15	10.56
2	2017	12	16	10.84
2	2017	12	17	10.93
2	2017	12	18	10.99
2	2017	12	19	10.61
2	2017	12	20	10.32
2	2017	12	21	10.55
2	2017	12	22	10.68
2	2017	12	23	10.73
2	2017	12	24	10.37
2	2017	12	25	10.23
2	2017	12	26	10.07
2	2017	12	27	10.4
2	2017	12	28	10.52
2	2017	12	29	10.27
2	2017	12	30	10.61
2	2017	12	31	10.82
2	2018	1	1	11.04
2	2018	1	2	11.18
2	2018	1	3	10.9
2	2018	1	4	10.81
2	2018	1	5	10.76
2	2018	1	6	10.68
2	2018	1	7	10.56
2	2018	1	8	10.28
2	2018	1	9	10.13
2	2018	1	10	10.02
2	2018	1	11	9.82
2	2018	1	12	9.73
2	2018	1	13	9.8
2	2018	1	14	9.8
2	2018	1	15	9.77
2	2018	1	16	9.75
2	2018	1	17	9.8
2	2018	1	18	9.8
2	2018	1	19	9.89
2	2018	1	20	10.3
2	2018	1	21	10.11
2	2018	1	22	9.95
2	2018	1	23	9.91
2	2018	1	24	9.91
2	2018	1	25	10.27
2	2018	1	26	10.07
2	2018	1	27	9.93
2	2018	1	28	9.68
2	2018	1	29	9.66
2	2018	1	30	9.84
2	2018	1	31	10.17
2	2018	2	1	10.38
2	2018	2	2	10.1
2	2018	2	3	9.94
2	2018	2	4	9.73
2	2018	2	5	9.69
2	2018	2	6	9.6
2	2018	2	7	9.5
2	2018	2	8	9.44
2	2018	2	9	9.4
2	2018	2	10	9.35
2	2018	2	11	9.19
2	2018	2	12	9.13
2	2018	2	13	9.2
2	2018	2	14	9.17
2	2018	2	15	9.1
2	2018	2	16	9.11
2	2018	2	17	9.22
2	2018	2	18	9.29
2	2018	2	19	9.31
2	2018	2	20	9.4
2	2018	2	21	9.4
2	2018	2	22	9.76
2	2018	2	23	9.6
2	2018	2	24	10.01
2	2018	2	25	9.84
2	2018	2	26	9.79
2	2018	2	27	9.75
2	2018	2	28	10.05
2	2018	3	1	9.76
2	2018	3	2	10.17
2	2018	3	3	10.47
2	2018	3	4	10.25
2	2018	3	5	10.11
2	2018	3	6	9.94
2	2018	3	7	9.91
2	2018	3	8	9.81
2	2018	3	9	10.19
2	2018	3	10	10.43
2	2018	3	11	10.23
2	2018	3	12	10.2
2	2018	3	13	10.23
2	2018	3	14	10.68
2	2018	3	15	11.15
2	2018	3	16	10.88
2	2018	3	17	11.25
2	2018	3	18	11.01
2	2018	3	19	10.8
2	2018	3	20	10.7
2	2018	3	21	10.66
2	2018	3	22	10.63
2	2018	3	23	10.6
2	2018	3	24	10.57
2	2018	3	25	10.62
2	2018	3	26	10.77
2	2018	3	27	11.28
2	2018	3	28	11.56
2	2018	3	29	11.71
2	2018	3	30	11.52
2	2018	3	31	11.83
2	2018	4	1	11.61
2	2018	4	2	11.52
2	2018	4	3	11.91
2	2018	4	4	11.77
2	2018	4	5	12.38
2	2018	4	6	12.61
2	2018	4	7	12.61
2	2018	4	8	12.3
2	2018	4	9	12.08
2	2018	4	10	11.95
2	2018	4	11	12.2
2	2018	4	12	11.91
2	2018	4	13	12.16
2	2018	4	14	12.87
2	2018	4	15	12.27
2	2018	4	16	12.12
2	2018	4	17	13
2	2018	4	18	13.53
2	2018	4	19	13.82
2	2018	4	20	13.15
2	2018	4	21	13.78
2	2018	4	22	13.09
2	2018	4	23	12.75
2	2018	4	24	13.5
2	2018	4	25	12.88
2	2018	4	26	13.4
2	2018	4	27	13.72
2	2018	4	28	14.49
2	2018	4	29	13.68
2	2018	4	30	13.3
2	2018	5	1	13.06
2	2018	5	2	13.96
2	2018	5	3	14.49
2	2018	5	4	15.09
2	2018	5	5	15.41
2	2018	5	6	15.7
2	2018	5	7	15.89
2	2018	5	8	16.67
2	2018	5	9	17.06
2	2018	5	10	17.4
2	2018	5	11	17.45
2	2018	5	12	17.39
2	2018	5	13	16.33
2	2018	5	14	15.64
2	2018	5	15	15.63
2	2018	5	16	16.73
2	2018	5	17	17.18
2	2018	5	18	17.3
2	2018	5	19	17.25
2	2018	5	20	17.23
2	2018	5	21	17.2
2	2018	5	22	17.2
2	2018	5	23	16.43
2	2018	5	24	15.72
2	2018	5	25	15.1
2	2018	5	26	14.68
2	2018	5	27	14.39
2	2018	5	28	14.13
2	2018	5	29	13.91
2	2018	5	30	13.79
2	2018	5	31	14.78
2	2018	6	1	15.33
2	2018	6	2	15.73
2	2018	6	3	16.07
2	2018	6	4	16.28
2	2018	6	5	16.4
2	2018	6	6	15.61
2	2018	6	7	16.48
2	2018	6	8	16.8
2	2018	6	9	16.84
2	2018	6	10	15.92
2	2018	6	11	15.39
2	2018	6	12	16
2	2018	6	13	15.38
2	2018	6	14	16.07
2	2018	6	15	16.36
2	2018	6	16	15.57
2	2018	6	17	15.13
2	2018	6	18	14.89
2	2018	6	19	15.78
2	2018	6	20	16.28
2	2018	6	21	16.71
2	2018	6	22	16.08
2	2018	6	23	16.74
2	2018	6	24	17.04
2	2018	6	25	17.64
2	2018	6	26	17.86
2	2018	6	27	18.08
2	2018	6	28	18.18
2	2018	6	29	18.28
2	2018	6	30	18.42
2	2018	7	1	18.57
2	2018	7	2	18.83
2	2018	7	3	17.81
2	2018	7	4	18.68
2	2018	7	5	19.13
2	2018	7	6	18.12
2	2018	7	7	18.93
2	2018	7	8	17.87
2	2018	7	9	17.34
2	2018	7	10	18.18
2	2018	7	11	17.35
2	2018	7	12	16.88
2	2018	7	13	17.8
2	2018	7	14	18.39
2	2018	7	15	18.83
2	2018	7	16	17.77
2	2018	7	17	17.1
2	2018	7	18	16.66
2	2018	7	19	17.49
2	2018	7	20	16.77
2	2018	7	21	17.67
2	2018	7	22	18.47
2	2018	7	23	19.02
2	2018	7	24	19.23
2	2018	7	25	19.26
2	2018	7	26	19.34
2	2018	7	27	19.66
2	2018	7	28	19.88
2	2018	7	29	18.59
2	2018	7	30	17.87
2	2018	7	31	18.64
2	2018	8	1	17.56
2	2018	8	2	16.77
2	2018	8	3	16.32
2	2018	8	4	15.97
2	2018	8	5	15.71
2	2018	8	6	15.52
2	2018	8	7	16.77
2	2018	8	8	17.37
2	2018	8	9	17.79
2	2018	8	10	17.98
2	2018	8	11	18.14
2	2018	8	12	18.3
2	2018	8	13	18.37
2	2018	8	14	18.42
2	2018	8	15	18.55
2	2018	8	16	18.9
2	2018	8	17	17.59
2	2018	8	18	16.68
2	2018	8	19	15.97
2	2018	8	20	15.42
2	2018	8	21	14.99
2	2018	8	22	16.04
2	2018	8	23	15.2
2	2018	8	24	16.2
2	2018	8	25	16.58
2	2018	8	26	16.83
2	2018	8	27	16.95
2	2018	8	28	15.82
2	2018	8	29	15.15
2	2018	8	30	15.78
2	2018	8	31	16.12
2	2018	9	1	15.1
2	2018	9	2	14.48
2	2018	9	3	14.13
2	2018	9	4	13.73
2	2018	9	5	13.13
2	2018	9	6	12.77
2	2018	9	7	12.51
2	2018	9	8	12.32
2	2018	9	9	12.13
2	2018	9	10	12.07
2	2018	9	11	13.08
2	2018	9	12	12.53
2	2018	9	13	12.22
2	2018	9	14	12.02
2	2018	9	15	13.07
2	2018	9	16	13.74
2	2018	9	17	14.27
2	2018	9	18	14.73
2	2018	9	19	14.98
2	2018	9	20	15.19
2	2018	9	21	15.44
2	2018	9	22	15.64
2	2018	9	23	14.56
2	2018	9	24	13.86
2	2018	9	25	13.35
2	2018	9	26	12.8
2	2018	9	27	12.37
2	2018	9	28	13.18
2	2018	9	29	13.68
2	2018	9	30	14.1
2	2018	10	1	14.41
2	2018	10	2	14.64
2	2018	10	3	14.76
2	2018	10	4	13.82
2	2018	10	5	14.46
2	2018	10	6	14.96
2	2018	10	7	14.06
2	2018	10	8	13.6
2	2018	10	9	14.7
2	2018	10	10	13.73
2	2018	10	11	13.24
2	2018	10	12	12.99
2	2018	10	13	14.01
2	2018	10	14	14.76
2	2018	10	15	15.25
2	2018	10	16	15.75
2	2018	10	17	16
2	2018	10	18	16.26
2	2018	10	19	16.57
2	2018	10	20	16.78
2	2018	10	21	15.63
2	2018	10	22	14.95
2	2018	10	23	15.66
2	2018	10	24	14.74
2	2018	10	25	14.03
2	2018	10	26	13.6
2	2018	10	27	15.02
2	2018	10	28	15.88
2	2018	10	29	16.32
2	2018	10	30	15.02
2	2018	10	31	14.22
2	2018	11	1	13.51
2	2018	11	2	13.13
2	2018	11	3	12.89
2	2018	11	4	12.58
2	2018	11	5	12.27
2	2018	11	6	12
2	2018	11	7	11.73
2	2018	11	8	11.51
2	2018	11	9	11.37
2	2018	11	10	11.32
2	2018	11	11	11.17
2	2018	11	12	10.97
2	2018	11	13	10.84
2	2018	11	14	10.7
2	2018	11	15	10.6
2	2018	11	16	10.54
2	2018	11	17	10.48
2	2018	11	18	10.39
2	2018	11	19	10.32
2	2018	11	20	11.48
2	2018	11	21	12.03
2	2018	11	22	11.44
2	2018	11	23	11.07
2	2018	11	24	10.75
2	2018	11	25	10.52
2	2018	11	26	10.28
2	2018	11	27	10.18
2	2018	11	28	10.07
2	2018	11	29	9.89
2	2018	11	30	9.79
2	2018	12	1	9.51
2	2018	12	2	9.26
2	2018	12	3	9.2
2	2018	12	4	9.21
2	2018	12	5	9.26
2	2018	12	6	9.17
2	2018	12	7	9.2
2	2018	12	8	9.05
2	2018	12	9	8.88
2	2018	12	10	8.86
2	2018	12	11	8.88
2	2018	12	12	8.79
2	2018	12	13	8.6
2	2018	12	14	8.4
2	2018	12	15	8.4
2	2018	12	16	8.4
2	2018	12	17	8.3
2	2018	12	18	8.37
2	2018	12	19	8.39
2	2018	12	20	8.18
2	2018	12	21	8.1
2	2018	12	22	8.03
2	2018	12	23	7.95
2	2018	12	24	7.87
2	2018	12	25	7.79
2	2018	12	26	7.79
2	2018	12	27	7.71
2	2018	12	28	7.72
2	2018	12	29	7.78
2	2018	12	30	7.8
2	2018	12	31	7.79
2	2019	1	1	7.83
2	2019	1	2	7.87
2	2019	1	3	7.85
2	2019	1	4	7.8
2	2019	1	5	7.88
2	2019	1	6	7.86
2	2019	1	7	7.82
2	2019	1	8	7.84
2	2019	1	9	7.96
2	2019	1	10	7.91
2	2019	1	11	7.9
2	2019	1	12	7.9
2	2019	1	13	7.92
2	2019	1	14	8
2	2019	1	15	8.07
2	2019	1	16	8.1
2	2019	1	17	8.11
2	2019	1	18	8.15
2	2019	1	19	8.15
2	2019	1	20	8.22
2	2019	1	21	8.3
2	2019	1	22	8.26
2	2019	1	23	8.13
2	2019	1	24	8.09
2	2019	1	25	8.17
2	2019	1	26	8.23
2	2019	1	27	8.23
2	2019	1	28	8.25
2	2019	1	29	8.44
2	2019	1	30	8.68
2	2019	1	31	8.68
2	2019	2	1	8.66
2	2019	2	2	8.65
2	2019	2	3	8.56
2	2019	2	4	8.51
2	2019	2	5	8.5
2	2019	2	6	8.5
2	2019	2	7	8.5
2	2019	2	8	8.59
2	2019	2	9	8.7
2	2019	2	10	8.63
2	2019	2	11	8.6
2	2019	2	12	8.61
2	2019	2	13	8.68
2	2019	2	14	8.63
2	2019	2	15	8.65
2	2019	2	16	8.66
2	2019	2	17	8.7
2	2019	2	18	8.79
2	2019	2	19	8.83
2	2019	2	20	8.79
2	2019	2	21	8.75
2	2019	2	22	8.76
2	2019	2	23	8.8
2	2019	2	24	8.89
2	2019	2	25	8.94
2	2019	2	26	8.92
2	2019	2	27	8.82
2	2019	2	28	8.8
2	2019	3	1	8.78
2	2019	3	2	8.77
2	2019	3	3	8.73
2	2019	3	4	8.79
2	2019	3	5	8.83
2	2019	3	6	8.9
2	2019	3	7	8.9
2	2019	3	8	8.9
2	2019	3	9	8.95
2	2019	3	10	9.03
2	2019	3	11	9.13
2	2019	3	12	9.23
2	2019	3	13	9.27
2	2019	3	14	9.3
2	2019	3	15	9.35
2	2019	3	16	9.4
2	2019	3	17	9.39
2	2019	3	18	9.41
2	2019	3	19	9.5
2	2019	3	20	9.51
2	2019	3	21	9.52
2	2019	3	22	9.65
2	2019	3	23	9.79
2	2019	3	24	9.9
2	2019	3	25	9.92
2	2019	3	26	10.11
2	2019	3	27	10.27
2	2019	3	28	10.42
2	2019	3	29	10.62
2	2019	3	30	10.77
2	2019	3	31	10.9
2	2019	4	1	11
2	2019	4	2	11.08
2	2019	4	3	11.2
2	2019	4	4	11.19
2	2019	4	5	11.1
2	2019	4	6	11.1
2	2019	4	7	11.02
2	2019	4	8	10.88
2	2019	4	9	10.8
2	2019	4	10	10.72
2	2019	4	11	10.67
2	2019	4	12	10.7
2	2019	4	13	10.73
2	2019	4	14	10.72
2	2019	4	15	10.83
2	2019	4	16	10.91
2	2019	4	17	11
2	2019	4	18	11.02
2	2019	4	19	11.06
2	2019	4	20	11.18
2	2019	4	21	11.32
2	2019	4	22	11.34
2	2019	4	23	11.08
2	2019	4	24	10.59
2	2019	4	25	10.35
2	2019	4	26	10.42
2	2019	4	27	10.62
2	2019	4	28	10.79
2	2019	4	29	10.95
2	2019	4	30	11.03
2	2019	5	1	10.87
2	2019	5	2	10.47
2	2019	5	3	10.36
2	2019	5	4	10.38
2	2019	5	5	10.13
2	2019	5	6	9.84
2	2019	5	7	9.61
2	2019	5	8	9.65
2	2019	5	9	9.97
2	2019	5	10	10.32
2	2019	5	11	10.61
2	2019	5	12	10.8
2	2019	5	13	10.99
2	2019	5	14	11.19
2	2019	5	15	11.35
2	2019	5	16	11.5
2	2019	5	17	11.69
2	2019	5	18	11.85
2	2019	5	19	12.01
2	2019	5	20	12.19
2	2019	5	21	12.33
2	2019	5	22	12.43
2	2019	5	23	12.52
2	2019	5	24	12.63
2	2019	5	25	12.82
2	2019	5	26	13.02
2	2019	5	27	13.18
2	2019	5	28	13.32
2	2019	5	29	13.47
2	2019	5	30	13.55
2	2019	5	31	13.65
2	2019	6	1	13.77
2	2019	6	2	13.89
2	2019	6	3	14.02
2	2019	6	4	14.03
2	2019	6	5	13.87
2	2019	6	6	13.57
2	2019	6	7	13.6
2	2019	6	8	13.66
2	2019	6	9	13.73
2	2019	6	10	13.81
2	2019	6	11	13.83
2	2019	6	12	13.8
2	2019	6	13	13.75
2	2019	6	14	13.73
2	2019	6	15	13.75
2	2019	6	16	13.83
2	2019	6	17	13.9
2	2019	6	18	13.91
2	2019	6	19	13.9
2	2019	6	20	13.91
2	2019	6	21	13.93
2	2019	6	22	14
2	2019	6	23	14
2	2019	6	24	14.06
2	2019	6	25	14.16
2	2019	6	26	14.25
2	2019	6	27	14.29
2	2019	6	28	14.32
2	2019	6	29	14.34
2	2019	6	30	14.35
2	2019	7	1	14.39
2	2019	7	2	14.41
2	2019	7	3	14.41
2	2019	7	4	14.46
2	2019	7	5	14.49
2	2019	7	6	14.52
2	2019	7	7	14.55
2	2019	7	8	14.62
2	2019	7	9	14.64
2	2019	7	10	14.64
2	2019	7	11	14.6
2	2019	7	12	14.58
2	2019	7	13	14.56
2	2019	7	14	14.56
2	2019	7	15	14.51
2	2019	7	16	14.52
2	2019	7	17	14.6
2	2019	7	18	14.56
2	2019	7	19	14.58
2	2019	7	20	14.57
2	2019	7	21	14.44
2	2019	7	22	14.32
2	2019	7	23	14.18
2	2019	7	24	14.06
2	2019	7	25	13.98
2	2019	7	26	13.96
2	2019	7	27	13.94
2	2019	7	28	13.92
2	2019	7	29	13.92
2	2019	7	30	13.93
2	2019	7	31	13.94
2	2019	8	1	13.92
2	2019	8	2	13.92
2	2019	8	3	13.92
2	2019	8	4	13.96
2	2019	8	5	13.92
2	2019	8	6	13.9
2	2019	8	7	13.84
2	2019	8	8	13.77
2	2019	8	9	13.76
2	2019	8	10	13.81
2	2019	8	11	13.82
2	2019	8	12	13.77
2	2019	8	13	13.7
2	2019	8	14	13.61
2	2019	8	15	13.51
2	2019	8	16	13.47
2	2019	8	17	13.42
2	2019	8	18	13.39
2	2019	8	19	13.32
2	2019	8	20	13.22
2	2019	8	21	13.07
2	2019	8	22	12.92
2	2019	8	23	12.86
2	2019	8	24	12.8
2	2019	8	25	12.75
2	2019	8	26	12.66
2	2019	8	27	12.58
2	2019	8	28	12.47
2	2019	8	29	12.39
2	2019	8	30	12.33
2	2019	8	31	12.32
2	2019	9	1	12.38
2	2019	9	2	12.52
2	2019	9	3	12.59
2	2019	9	4	12.57
2	2019	9	5	12.52
2	2019	9	6	12.58
2	2019	9	7	12.65
2	2019	9	8	12.68
2	2019	9	9	12.72
2	2019	9	10	12.71
2	2019	9	11	12.68
2	2019	9	12	12.63
2	2019	9	13	12.68
2	2019	9	14	12.72
2	2019	9	15	12.73
2	2019	9	16	12.77
2	2019	9	17	12.73
2	2019	9	18	12.71
2	2019	9	19	12.75
2	2019	9	20	12.8
2	2019	9	21	12.81
2	2019	9	22	12.78
2	2019	9	23	12.73
2	2019	9	24	12.64
2	2019	9	25	12.6
2	2019	9	26	12.59
2	2019	9	27	12.65
2	2019	9	28	12.74
2	2019	9	29	12.82
2	2019	9	30	12.86
2	2019	10	1	12.85
2	2019	10	2	12.82
2	2019	10	3	12.85
2	2019	10	4	12.93
2	2019	10	5	12.98
2	2019	10	6	13.07
2	2019	10	7	13.02
2	2019	10	8	13
2	2019	10	9	12.99
2	2019	10	10	12.92
2	2019	10	11	13.01
2	2019	10	12	13.05
2	2019	10	13	13.07
2	2019	10	14	13.09
2	2019	10	15	12.86
2	2019	10	16	12.35
2	2019	10	17	12.05
2	2019	10	18	11.93
2	2019	10	19	11.83
2	2019	10	20	11.88
2	2019	10	21	11.82
2	2019	10	22	11.77
2	2019	10	23	11.69
2	2019	10	24	11.65
2	2019	10	25	11.59
2	2019	10	26	11.45
2	2019	10	27	11.41
2	2019	10	28	11.35
2	2019	10	29	11.2
2	2019	10	30	10.97
2	2019	10	31	10.87
2	2019	11	1	10.89
2	2019	11	2	10.88
2	2019	11	3	10.81
2	2019	11	4	10.75
2	2019	11	5	10.68
2	2019	11	6	10.58
2	2019	11	7	10.44
2	2019	11	8	10.41
2	2019	11	9	10.41
2	2019	11	10	10.35
2	2019	11	11	10.25
2	2019	11	12	10.24
2	2019	11	13	10.24
2	2019	11	14	10.15
2	2019	11	15	10.12
2	2019	11	16	10.08
2	2019	11	17	9.96
2	2019	11	18	9.88
2	2019	11	19	9.85
2	2019	11	20	9.87
2	2019	11	21	9.79
2	2019	11	22	9.77
2	2019	11	23	9.72
2	2019	11	24	9.67
2	2019	11	25	9.58
2	2019	11	26	9.63
2	2019	11	27	9.69
2	2019	11	28	9.8
2	2019	11	29	9.9
2	2019	11	30	9.92
2	2019	12	1	9.92
2	2019	12	2	10
2	2019	12	3	9.81
2	2019	12	4	9.52
2	2019	12	5	9.23
2	2019	12	6	8.97
2	2019	12	7	8.74
2	2019	12	8	8.55
2	2019	12	9	8.38
2	2019	12	10	8.26
2	2019	12	11	8.25
2	2019	12	12	8.15
2	2019	12	13	7.97
2	2019	12	14	7.91
2	2019	12	15	7.9
2	2019	12	16	7.85
2	2019	12	17	7.78
2	2019	12	18	7.86
2	2019	12	19	7.89
2	2019	12	20	7.9
2	2019	12	21	7.83
2	2019	12	22	7.62
2	2019	12	23	7.56
2	2019	12	24	7.55
2	2019	12	25	7.53
2	2019	12	26	7.47
2	2019	12	27	7.47
2	2019	12	28	7.37
2	2019	12	29	7.29
2	2019	12	30	7.27
2	2019	12	31	7.28
2	2020	1	1	7.23
2	2020	1	2	7.17
2	2020	1	3	7.1
2	2020	1	4	7.14
2	2020	1	5	7.19
2	2020	1	6	7.17
2	2020	1	7	7.2
2	2020	1	8	7.25
2	2020	1	9	7.24
2	2020	1	10	7.17
2	2020	1	11	7.09
2	2020	1	12	7.07
2	2020	1	13	7.03
2	2020	1	14	7.01
2	2020	1	15	6.99
2	2020	1	16	7
2	2020	1	17	7.02
2	2020	1	18	6.95
2	2020	1	19	6.98
2	2020	1	20	7.04
2	2020	1	21	7.11
2	2020	1	22	7.09
2	2020	1	23	7.06
2	2020	1	24	7.03
2	2020	1	25	7.09
2	2020	1	26	7.06
2	2020	1	27	7
2	2020	1	28	6.99
2	2020	1	29	6.91
2	2020	1	30	6.9
2	2020	1	31	6.85
2	2020	2	1	6.83
2	2020	2	2	6.88
2	2020	2	3	6.88
2	2020	2	4	6.83
2	2020	2	5	6.77
2	2020	2	6	6.62
2	2020	2	7	6.73
2	2020	2	8	6.82
2	2020	2	9	6.85
2	2020	2	10	6.81
2	2020	2	11	6.81
2	2020	2	12	6.8
2	2020	2	13	6.84
2	2020	2	14	6.93
2	2020	2	15	6.96
2	2020	2	16	6.89
2	2020	2	17	6.87
2	2020	2	18	6.88
2	2020	2	19	6.9
2	2020	2	20	6.87
2	2020	2	21	6.92
2	2020	2	22	6.96
2	2020	2	23	6.94
2	2020	2	24	6.86
2	2020	2	25	6.81
2	2020	2	26	6.87
2	2020	2	27	6.97
2	2020	2	28	7
2	2020	2	29	7.05
2	2020	3	1	7.07
2	2020	3	2	6.99
2	2020	3	3	6.99
2	2020	3	4	6.94
2	2020	3	5	6.92
2	2020	3	6	7.02
2	2020	3	7	7.07
2	2020	3	8	7.07
2	2020	3	9	7.06
2	2020	3	10	7.06
2	2020	3	11	7
2	2020	3	12	6.99
2	2020	3	13	7.03
2	2020	3	14	7.09
2	2020	3	15	7.11
2	2020	3	16	7.12
2	2020	3	17	7.15
2	2020	3	18	7.19
2	2020	3	19	7.2
2	2020	3	20	7.28
2	2020	3	21	7.28
2	2020	3	22	7.28
2	2020	3	23	7.3
2	2020	3	24	7.3
2	2020	3	25	7.31
2	2020	3	26	7.37
2	2020	3	27	7.4
2	2020	3	28	7.44
2	2020	3	29	7.54
2	2020	3	30	7.59
2	2020	3	31	7.57
2	2020	4	1	7.7
2	2020	4	2	7.8
2	2020	4	3	7.89
2	2020	4	4	7.93
2	2020	4	5	8
2	2020	4	6	8.02
2	2020	4	7	8.09
2	2020	4	8	8.12
2	2020	4	9	8.38
2	2020	4	10	8.84
2	2020	4	11	9.18
2	2020	4	12	9.36
2	2020	4	13	9.54
2	2020	4	14	9.73
2	2020	4	15	9.92
2	2020	4	16	10.02
2	2020	4	17	10.19
2	2020	4	18	10.31
2	2020	4	19	10.35
2	2020	4	20	10.37
2	2020	4	21	10.45
2	2020	4	22	10.5
2	2020	4	23	10.41
2	2020	4	24	10.44
2	2020	4	25	10.51
2	2020	4	26	10.61
2	2020	4	27	10.68
2	2020	4	28	10.76
2	2020	4	29	10.79
2	2020	4	30	10.87
2	2020	5	1	10.97
2	2020	5	2	11.11
2	2020	5	3	11.19
2	2020	5	4	11.23
2	2020	5	5	11.35
2	2020	5	6	11.49
2	2020	5	7	11.63
2	2020	5	8	11.72
2	2020	5	9	11.93
2	2020	5	10	12.09
2	2020	5	11	12.23
2	2020	5	12	12.34
2	2020	5	13	12.52
2	2020	5	14	12.62
2	2020	5	15	12.75
2	2020	5	16	12.96
2	2020	5	17	13.15
2	2020	5	18	13.07
2	2020	5	19	13.13
2	2020	5	20	13.22
2	2020	5	21	13.25
2	2020	5	22	13.32
2	2020	5	23	13.39
2	2020	5	24	13.49
2	2020	5	25	13.58
2	2020	5	26	13.7
2	2020	5	27	13.77
2	2020	5	28	13.8
2	2020	5	29	13.8
2	2020	5	30	13.82
2	2020	5	31	13.91
2	2020	6	1	13.98
2	2020	6	2	14.08
2	2020	6	3	14.1
2	2020	6	4	14.13
2	2020	6	5	14.14
2	2020	6	6	14.08
2	2020	6	7	13.76
2	2020	6	8	13.48
2	2020	6	9	13.42
2	2020	6	10	13.43
2	2020	6	11	13.49
2	2020	6	12	13.6
2	2020	6	13	13.71
2	2020	6	14	13.83
2	2020	6	15	13.96
2	2020	6	16	14.12
2	2020	6	17	14.3
2	2020	6	18	14.41
2	2020	6	19	14.53
2	2020	6	20	14.63
2	2020	6	21	14.69
2	2020	6	22	14.69
2	2020	6	23	14.69
2	2020	6	24	14.68
2	2020	6	25	14.65
2	2020	6	26	14.68
2	2020	6	27	14.66
2	2020	6	28	14.61
2	2020	6	29	14.61
2	2020	6	30	14.65
2	2020	7	1	14.7
2	2020	7	2	14.74
2	2020	7	3	14.77
2	2020	7	4	14.81
2	2020	7	5	14.81
2	2020	7	6	14.8
2	2020	7	7	14.73
2	2020	7	8	14.7
2	2020	7	9	14.62
2	2020	7	10	14.6
2	2020	7	11	14.59
2	2020	7	12	14.59
2	2020	7	13	14.46
2	2020	7	14	14.52
2	2020	7	15	14.51
2	2020	7	16	14.42
2	2020	7	17	14.44
2	2020	7	18	14.41
2	2020	7	19	14.4
2	2020	7	20	14.34
2	2020	7	21	14.39
2	2020	7	22	14.45
2	2020	7	23	14.34
2	2020	7	24	14.26
2	2020	7	25	14.19
2	2020	7	26	14.13
2	2020	7	27	14.05
2	2020	7	28	14.02
2	2020	7	29	14
2	2020	7	30	13.96
2	2020	7	31	13.99
2	2020	8	1	14.06
2	2020	8	2	14.07
2	2020	8	3	14.11
2	2020	8	4	14.16
2	2020	8	5	14.25
2	2020	8	6	14.33
2	2020	8	7	14.45
2	2020	8	8	14.6
2	2020	8	9	14.7
2	2020	8	10	14.7
2	2020	8	11	14.7
2	2020	8	12	14.61
2	2020	8	13	14.56
2	2020	8	14	14.51
2	2020	8	15	14.45
2	2020	8	16	14.4
2	2020	8	17	14.36
2	2020	8	18	14.32
2	2020	8	19	14.28
2	2020	8	20	14.18
2	2020	8	21	14.18
2	2020	8	22	14.15
2	2020	8	23	14.06
2	2020	8	24	13.9
2	2020	8	25	13.72
2	2020	8	26	13.55
2	2020	8	27	13.36
2	2020	8	28	13.27
2	2020	8	29	13.16
2	2020	8	30	13.09
2	2020	8	31	13.02
2	2020	9	1	12.98
2	2020	9	2	12.99
2	2020	9	3	13
2	2020	9	4	12.98
2	2020	9	5	13.02
2	2020	9	6	13.14
2	2020	9	7	13.27
2	2020	9	8	13.37
2	2020	9	9	13.39
2	2020	9	10	13.36
2	2020	9	11	13.3
2	2020	9	12	13.3
2	2020	9	13	13.28
2	2020	9	14	13.11
2	2020	9	15	12.48
2	2020	9	16	11.39
2	2020	9	17	11.55
2	2020	9	18	11.47
2	2020	9	19	11.18
2	2020	9	20	11.21
2	2020	9	21	11.34
2	2020	9	22	11.38
2	2020	9	23	11.47
2	2020	9	24	11.48
2	2020	9	25	11.62
2	2020	9	26	11.68
2	2020	9	27	11.68
2	2020	9	28	11.66
2	2020	9	29	11.73
2	2020	9	30	11.82
2	2020	10	1	11.83
2	2020	10	2	11.91
2	2020	10	3	11.99
2	2020	10	4	12
2	2020	10	5	12
2	2020	10	6	12.08
2	2020	10	7	12.12
2	2020	10	8	12.1
2	2020	10	9	11.98
2	2020	10	10	11.71
2	2020	10	11	11.56
2	2020	10	12	11.48
2	2020	10	13	11.55
2	2020	10	14	11.59
2	2020	10	15	11.63
2	2020	10	16	11.83
2	2020	10	17	11.97
2	2020	10	18	11.94
2	2020	10	19	11.89
2	2020	10	20	11.91
2	2020	10	21	11.85
2	2020	10	22	11.76
2	2020	10	23	11.7
2	2020	10	24	11.55
2	2020	10	25	11.42
2	2020	10	26	11.35
2	2020	10	27	11.3
2	2020	10	28	11.13
2	2020	10	29	10.98
2	2020	10	30	10.99
2	2020	10	31	10.98
2	2020	11	1	11
2	2020	11	2	11.01
2	2020	11	3	11.09
2	2020	11	4	11.12
2	2020	11	5	11.04
2	2020	11	6	10.98
2	2020	11	7	10.91
2	2020	11	8	10.86
2	2020	11	9	10.78
2	2020	11	10	10.76
2	2020	11	11	10.77
2	2020	11	12	10.76
2	2020	11	13	10.8
2	2020	11	14	10.78
2	2020	11	15	10.77
2	2020	11	16	10.79
2	2020	11	17	10.88
2	2020	11	18	10.92
2	2020	11	19	10.87
2	2020	11	20	10.81
2	2020	11	21	10.8
2	2020	11	22	10.73
2	2020	11	23	10.77
2	2020	11	24	10.81
2	2020	11	25	10.88
2	2020	11	26	10.86
2	2020	11	27	10.9
2	2020	11	28	10.91
2	2020	11	29	10.77
2	2020	11	30	10.74
2	2020	12	1	10.79
2	2020	12	2	10.81
2	2020	12	3	10.75
2	2020	12	4	10.7
2	2020	12	5	10.69
2	2020	12	6	10.58
2	2020	12	7	10.52
2	2020	12	8	10.6
2	2020	12	9	10.66
2	2020	12	10	10.64
2	2020	12	11	10.63
2	2020	12	12	10.57
2	2020	12	13	10.5
2	2020	12	14	10.42
2	2020	12	15	10.39
2	2020	12	16	10.34
2	2020	12	17	10.38
2	2020	12	18	10.4
2	2020	12	19	10.38
2	2020	12	20	10.23
2	2020	12	21	10.2
2	2020	12	22	10.2
2	2020	12	23	10.21
2	2020	12	24	10.12
2	2020	12	25	10.2
2	2020	12	26	10.17
2	2020	12	27	10.18
2	2020	12	28	10.47
2	2020	12	29	10.69
2	2020	12	30	10.68
2	2020	12	31	10.63
2	2021	1	1	10.48
2	2021	1	2	10.45
2	2021	1	3	10.34
2	2021	1	4	10.23
2	2021	1	5	10.15
2	2021	1	6	10.13
2	2021	1	7	9.93
2	2021	1	8	9.95
2	2021	1	9	9.96
2	2021	1	10	9.88
2	2021	1	11	9.76
2	2021	1	12	9.81
2	2021	1	13	9.77
2	2021	1	14	9.71
2	2021	1	15	9.68
2	2021	1	16	9.74
2	2021	1	17	9.68
2	2021	1	18	9.7
2	2021	1	19	9.7
2	2021	1	20	9.71
2	2021	1	21	9.56
2	2021	1	22	9.54
2	2021	1	23	9.56
2	2021	1	24	9.46
2	2021	1	25	9.39
2	2021	1	26	9.37
2	2021	1	27	9.39
2	2021	1	28	9.45
2	2021	1	29	9.52
2	2021	1	30	9.52
2	2021	1	31	9.44
2	2021	2	1	9.48
2	2021	2	2	9.5
2	2021	2	3	9.56
2	2021	2	4	9.51
2	2021	2	5	9.55
2	2021	2	6	9.54
2	2021	2	7	9.52
2	2021	2	8	9.5
2	2021	2	9	9.48
2	2021	2	10	9.48
2	2021	2	11	9.4
2	2021	2	12	9.39
2	2021	2	13	9.4
2	2021	2	14	9.4
2	2021	2	15	9.31
2	2021	2	16	9.41
2	2021	2	17	9.47
2	2021	2	18	9.41
2	2021	2	19	9.53
2	2021	2	20	9.58
2	2021	2	21	9.53
2	2021	2	22	9.44
2	2021	2	23	9.48
2	2021	2	24	9.48
2	2021	2	25	9.48
2	2021	2	26	9.51
2	2021	2	27	9.58
2	2021	2	28	9.57
2	2021	3	1	9.49
2	2021	3	2	9.44
2	2021	3	3	9.47
2	2021	3	4	9.42
2	2021	3	5	9.48
2	2021	3	6	9.54
2	2021	3	7	9.61
2	2021	3	8	9.68
2	2021	3	9	9.75
2	2021	3	10	9.77
2	2021	3	11	9.76
2	2021	3	12	9.85
2	2021	3	13	9.9
2	2021	3	14	9.9
2	2021	3	15	9.96
2	2021	3	16	10.1
2	2021	3	17	10.21
2	2021	3	18	10.18
2	2021	3	19	10.36
2	2021	3	20	10.4
2	2021	3	21	10.4
2	2021	3	22	10.4
2	2021	3	23	10.39
2	2021	3	24	10.38
2	2021	3	25	10.3
2	2021	3	26	10.4
2	2021	3	27	10.4
2	2021	3	28	10.4
2	2021	3	29	10.42
2	2021	3	30	10.49
2	2021	3	31	10.58
2	2021	4	1	10.69
2	2021	4	2	10.77
2	2021	4	3	10.87
2	2021	4	4	10.9
2	2021	4	5	10.91
2	2021	4	6	11.02
2	2021	4	7	11.1
2	2021	4	8	11.11
2	2021	4	9	11.15
2	2021	4	10	10.98
2	2021	4	11	10.97
2	2021	4	12	10.99
2	2021	4	13	11
2	2021	4	14	10.99
2	2021	4	15	10.74
2	2021	4	16	10.68
2	2021	4	17	10.61
2	2021	4	18	10.55
2	2021	4	19	10.53
2	2021	4	20	10.54
2	2021	4	21	10.6
2	2021	4	22	10.56
2	2021	4	23	10.6
2	2021	4	24	10.59
2	2021	4	25	10.68
2	2021	4	26	10.68
2	2021	4	27	10.72
2	2021	4	28	10.71
2	2021	4	29	10.68
2	2021	4	30	10.74
2	2021	5	1	10.81
2	2021	5	2	10.79
2	2021	5	3	10.78
2	2021	5	4	10.8
2	2021	5	5	10.71
2	2021	5	6	10.71
2	2021	5	7	10.8
2	2021	5	8	10.86
2	2021	5	9	10.82
2	2021	5	10	10.8
2	2021	5	11	10.77
2	2021	5	12	10.7
2	2021	5	13	10.62
2	2021	5	14	10.63
2	2021	5	15	10.73
2	2021	5	16	10.79
2	2021	5	17	10.8
2	2021	5	18	10.79
2	2021	5	19	10.73
2	2021	5	20	10.77
2	2021	5	21	10.84
2	2021	5	22	11.01
2	2021	5	23	11.12
2	2021	5	24	11.21
2	2021	5	25	11.34
2	2021	5	26	11.58
2	2021	5	27	11.67
2	2021	5	28	11.83
2	2021	5	29	12.03
2	2021	5	30	12.26
2	2021	5	31	12.44
2	2021	6	1	12.63
2	2021	6	2	12.81
2	2021	6	3	12.92
2	2021	6	4	13.07
2	2021	6	5	13.23
2	2021	6	6	13.28
2	2021	6	7	13.28
2	2021	6	8	13.33
2	2021	6	9	13.37
2	2021	6	10	13.34
2	2021	6	11	13.45
2	2021	6	12	13.53
2	2021	6	13	13.62
2	2021	6	14	13.67
2	2021	6	15	13.78
2	2021	6	16	13.86
2	2021	6	17	13.93
2	2021	6	18	14.03
2	2021	6	19	13.81
2	2021	6	20	13.71
2	2021	6	21	13.64
2	2021	6	22	13.45
2	2021	6	23	13.44
2	2021	6	24	13.42
2	2021	6	25	13.44
2	2021	6	26	13.48
2	2021	6	27	13.5
2	2021	6	28	13.5
2	2021	6	29	13.5
2	2021	6	30	13.5
2	2021	7	1	13.44
2	2021	7	2	13.5
2	2021	7	3	13.47
2	2021	7	4	13.36
2	2021	7	5	13.45
2	2021	7	6	13.35
2	2021	7	7	13.25
2	2021	7	8	13.21
2	2021	7	9	13.24
2	2021	7	10	13.29
2	2021	7	11	13.23
2	2021	7	12	13.21
2	2021	7	13	13.2
2	2021	7	14	13.2
2	2021	7	15	13.12
2	2021	7	16	13.09
2	2021	7	17	13.08
2	2021	7	18	13.1
2	2021	7	19	13.02
2	2021	7	20	13
2	2021	7	21	12.99
2	2021	7	22	12.99
2	2021	7	23	12.98
2	2021	7	24	12.57
2	2021	7	25	12.04
2	2021	7	26	11.55
2	2021	7	27	11.16
2	2021	7	28	10.83
2	2021	7	29	10.52
2	2021	7	30	10.27
2	2021	7	31	10.08
2	2021	8	1	9.93
2	2021	8	2	9.79
2	2021	8	3	9.65
2	2021	8	4	9.5
2	2021	8	5	9.48
2	2021	8	6	9.41
2	2021	8	7	9.37
2	2021	8	8	9.3
2	2021	8	9	9.28
2	2021	8	10	9.26
2	2021	8	11	9.23
2	2021	8	12	9.2
2	2021	8	13	9.18
2	2021	8	14	9.17
2	2021	8	15	9.09
2	2021	8	16	8.98
2	2021	8	17	8.96
2	2021	8	18	8.9
2	2021	8	19	8.91
2	2021	8	20	8.91
2	2021	8	21	8.97
2	2021	8	22	9.33
2	2021	8	23	9.77
2	2021	8	24	10.23
2	2021	8	25	10.65
2	2021	8	26	10.95
2	2021	8	27	11.19
2	2021	8	28	11.4
2	2021	8	29	11.32
2	2021	8	30	11.19
2	2021	8	31	11.14
2	2021	9	1	11.27
2	2021	9	2	11.39
2	2021	9	3	11.55
2	2021	9	4	11.7
2	2021	9	5	11.84
2	2021	9	6	12
2	2021	9	7	12.15
2	2021	9	8	12.13
2	2021	9	9	12.08
2	2021	9	10	12.1
2	2021	9	11	12.14
2	2021	9	12	12.14
2	2021	9	13	12.08
2	2021	9	14	12.04
2	2021	9	15	11.75
2	2021	9	16	11.52
2	2021	9	17	11.52
2	2021	9	18	11.5
2	2021	9	19	11.4
2	2021	9	20	11.31
2	2021	9	21	11.32
2	2021	9	22	11.3
2	2021	9	23	11.27
2	2021	9	24	11.3
2	2021	9	25	11.32
2	2021	9	26	11.32
2	2021	9	27	11.31
2	2021	9	28	11.33
2	2021	9	29	11.37
2	2021	9	30	11.31
2	2021	10	1	11.31
2	2021	10	2	11.3
2	2021	10	3	11.18
2	2021	10	4	11.01
2	2021	10	5	10.91
2	2021	10	6	10.91
2	2021	10	7	11
2	2022	6	23	13.89
2	2022	6	24	13.98
2	2022	6	25	14.14
2	2022	6	26	14.15
2	2022	6	27	14.13
2	2022	6	28	14.15
2	2022	6	29	14.06
2	2022	6	30	13.91
2	2022	7	1	13.8
2	2022	7	2	13.76
2	2022	7	3	13.71
2	2022	7	4	13.64
2	2022	7	5	13.64
2	2022	7	6	13.6
2	2022	7	7	13.59
2	2022	7	8	13.6
2	2022	7	9	13.63
2	2022	7	10	13.51
2	2022	7	11	13.44
2	2022	7	12	13.41
2	2022	7	13	13.27
2	2022	7	14	13.15
2	2022	7	15	13.13
2	2022	7	16	13.04
2	2022	7	17	12.95
2	2022	7	18	12.9
2	2022	7	19	12.98
2	2022	7	20	12.99
2	2022	7	21	12.81
2	2022	7	22	12.62
2	2022	7	23	12.68
2	2022	7	24	12.82
2	2022	7	25	12.88
2	2022	7	26	12.86
2	2022	7	27	12.82
2	2022	7	28	12.78
2	2022	7	29	12.76
2	2022	7	30	12.76
2	2022	7	31	12.72
2	2022	8	1	12.68
2	2022	8	2	12.66
2	2022	8	3	12.61
2	2022	8	4	12.55
2	2022	8	5	12.57
2	2022	8	6	12.56
2	2022	8	7	12.49
2	2022	8	8	12.41
2	2022	8	9	12.35
2	2022	8	10	12.28
2	2022	8	11	12.06
2	2022	8	12	12.01
2	2022	8	13	11.99
2	2022	8	14	11.91
2	2022	8	15	11.83
2	2022	8	16	11.77
2	2022	8	17	11.72
2	2022	8	18	11.62
2	2022	8	19	11.57
2	2022	8	20	11.59
2	2022	8	21	11.52
2	2022	8	22	11.39
2	2022	8	23	11.28
2	2022	8	24	11.09
2	2022	8	25	10.86
2	2022	8	26	10.8
2	2022	8	27	10.77
2	2022	8	28	10.72
2	2022	8	29	10.68
2	2022	8	30	10.61
2	2022	8	31	10.48
2	2022	9	1	10.39
2	2022	9	2	10.35
2	2022	9	21	11
2	2022	9	22	11
2	2022	9	23	11.09
2	2022	9	24	11.09
2	2022	9	25	11.01
2	2022	9	26	10.94
2	2022	9	27	10.97
2	2022	9	28	11.03
2	2022	9	29	11.03
2	2022	9	30	11.07
2	2022	10	1	11.15
2	2022	10	2	11.18
2	2022	10	3	11.23
2	2022	10	4	11.36
2	2022	10	5	11.43
2	2022	10	6	11.48
2	2022	10	7	11.59
2	2022	10	8	11.71
2	2022	10	9	11.8
2	2022	10	10	11.93
2	2022	10	11	12.08
2	2022	10	12	12.16
2	2022	10	13	12.15
2	2022	10	14	12.25
2	2022	10	15	12.35
2	2022	10	16	12.34
2	2022	10	17	12.3
2	2022	10	18	12.37
2	2022	10	19	12.42
2	2022	10	20	12.39
2	2022	10	21	12.45
2	2022	10	22	12.5
2	2022	10	23	12.48
2	2022	10	24	12.41
2	2022	10	25	12.34
2	2022	10	26	12.31
2	2022	10	27	12.23
2	2022	10	28	12.23
2	2022	10	29	12.08
2	2022	10	30	11.82
2	2022	10	31	11.72
2	2022	11	1	11.7
2	2022	11	2	11.67
2	2022	11	3	11.61
2	2022	11	4	11.59
2	2022	11	5	11.55
2	2022	11	6	11.43
2	2022	11	7	11.35
2	2022	11	8	11.3
2	2022	11	9	11.23
2	2022	11	10	11.08
2	2022	11	11	11.08
2	2022	11	12	11.12
2	2022	11	13	11.09
2	2022	11	14	11
2	2022	11	15	10.97
2	2022	11	16	10.99
2	2022	11	17	10.97
2	2022	11	18	10.96
2	2022	11	19	10.92
2	2022	11	20	10.81
2	2022	11	21	10.72
2	2022	11	22	10.69
2	2022	11	23	10.65
2	2022	11	24	10.56
2	2022	11	25	10.55
2	2022	11	26	10.51
2	2022	11	27	10.42
2	2022	11	28	10.36
2	2022	11	29	10.35
2	2022	11	30	10.36
2	2022	12	1	10.44
2	2022	12	2	10.49
2	2022	12	3	10.5
2	2022	12	4	10.42
2	2022	12	5	10.32
2	2022	12	6	10.34
2	2022	12	7	10.38
2	2022	12	8	10.33
2	2022	12	9	10.31
2	2022	12	10	10.32
2	2022	12	11	10.21
2	2022	12	12	10.11
2	2022	12	13	10.07
2	2022	12	14	9.91
2	2022	12	15	9.77
2	2022	12	16	9.74
2	2022	12	17	9.65
2	2022	12	18	9.49
2	2022	12	19	9.32
2	2022	12	20	9.13
2	2022	12	21	8.95
2	2022	12	22	8.78
2	2022	12	23	8.88
2	2022	12	24	8.94
2	2022	12	25	9.01
2	2022	12	26	9.13
2	2022	12	27	9.31
2	2022	12	28	9.38
2	2022	12	29	9.4
2	2022	12	30	9.38
2	2022	12	31	9.42
2	2023	1	1	9.49
2	2023	1	2	9.51
2	2023	1	3	9.51
2	2023	1	4	9.54
2	2023	1	5	9.55
2	2023	1	6	9.56
2	2023	1	7	9.51
2	2023	1	8	9.38
2	2023	1	9	9.28
2	2023	1	10	9.33
2	2023	1	11	9.35
2	2023	1	12	9.27
2	2023	1	13	9.32
2	2023	1	14	9.32
2	2023	1	15	9.24
2	2023	1	16	9.14
2	2023	1	17	9.1
2	2023	1	18	9.09
2	2023	1	19	9.01
2	2023	1	20	9.07
2	2023	1	21	9.02
2	2023	1	22	8.81
2	2023	1	23	8.84
2	2023	1	24	8.87
2	2023	1	25	8.82
2	2023	1	26	8.84
2	2023	1	27	8.85
2	2023	1	28	8.79
2	2023	1	29	8.65
2	2023	1	30	8.54
2	2023	1	31	8.56
2	2023	2	1	8.59
2	2023	2	2	8.57
2	2023	2	3	8.66
2	2023	2	4	8.72
2	2023	2	5	8.63
2	2023	2	6	8.6
2	2023	2	7	8.63
2	2023	2	8	8.63
2	2023	2	9	8.49
2	2023	2	10	8.48
2	2023	2	11	8.41
2	2023	2	12	8.4
2	2023	2	13	8.38
2	2023	2	14	8.39
2	2023	2	15	8.44
2	2023	2	16	8.42
2	2023	2	17	8.56
2	2023	2	18	8.66
2	2023	2	19	8.6
2	2023	2	20	8.52
2	2023	2	21	8.56
2	2023	2	22	8.58
2	2023	2	23	8.62
2	2023	2	24	8.74
2	2023	2	25	8.85
2	2023	2	26	8.81
2	2023	2	27	8.7
2	2023	2	28	8.72
2	2023	3	1	8.74
2	2023	3	2	8.65
2	2023	3	3	8.59
2	2023	3	4	8.66
2	2023	3	5	8.66
2	2023	3	6	8.66
2	2023	3	7	8.78
2	2023	3	8	8.92
2	2023	3	9	8.88
2	2023	3	10	8.68
2	2023	3	11	8.34
2	2023	3	12	7.93
2	2023	3	13	7.63
2	2023	3	14	7.41
2	2023	3	15	7.19
2	2023	3	16	6.96
2	2023	3	17	6.72
2	2023	3	18	6.62
2	2023	3	19	6.56
2	2023	3	20	6.5
2	2023	3	21	6.42
2	2023	3	22	6.37
2	2023	3	23	6.33
2	2023	3	24	6.51
2	2023	3	25	6.86
2	2023	3	26	7.18
2	2023	3	27	7.5
2	2023	3	28	7.72
2	2023	3	29	8.05
2	2023	3	30	8.3
2	2023	3	31	8.57
2	2023	4	1	8.79
2	2023	4	2	8.94
2	2023	4	3	9.06
2	2023	4	4	9.32
2	2023	4	5	9.6
2	2023	4	6	9.84
2	2023	4	7	10.08
2	2023	4	8	10.27
2	2023	4	9	10.38
2	2023	4	10	10.4
2	2023	4	11	10.47
2	2023	4	12	10.43
2	2023	4	13	10.01
2	2023	4	14	9.64
2	2023	4	15	9.19
2	2023	4	16	8.81
2	2023	4	17	8.53
2	2023	4	18	8.32
2	2023	4	19	8.34
2	2023	4	20	8.46
2	2023	4	21	8.65
2	2023	4	22	8.9
2	2023	4	23	9.1
2	2023	4	24	9.29
2	2023	4	25	9.49
2	2023	4	26	9.62
2	2023	4	27	9.43
2	2023	4	28	9.27
2	2023	4	29	9.23
2	2023	4	30	9.28
2	2023	5	1	9.38
2	2023	5	2	9.51
2	2023	5	3	9.62
2	2023	5	4	9.77
2	2023	5	5	9.92
2	2023	5	6	9.94
2	2023	5	7	9.93
2	2023	5	8	9.93
2	2023	5	9	10.04
2	2023	5	10	10.14
2	2023	5	11	10.17
2	2023	5	12	10.21
2	2023	5	13	10.18
2	2023	5	14	10.18
2	2023	5	15	10.25
2	2023	5	16	10.37
2	2023	5	17	10.46
2	2023	5	18	10.41
2	2023	5	19	10.36
2	2023	5	20	10.23
2	2023	5	21	9.87
2	2023	5	22	9.51
2	2023	5	23	9.45
2	2023	5	24	9.55
2	2023	5	25	9.73
2	2023	5	26	10.08
2	2023	5	27	10.4
2	2023	5	28	10.63
2	2023	5	29	10.68
2	2023	5	30	10.77
2	2023	5	31	10.92
2	2023	6	1	10.76
2	2023	6	2	10.71
2	2023	6	3	10.79
2	2023	6	4	10.93
2	2023	6	5	10.85
2	2023	6	6	10.81
2	2023	6	7	10.89
2	2023	6	8	11.01
2	2023	6	9	11.04
2	2023	6	10	11.07
2	2023	6	11	11.2
2	2023	6	12	11.35
2	2023	6	13	11.39
2	2023	6	14	11.41
2	2023	6	15	11.54
2	2023	6	16	11.59
2	2023	6	17	11.69
2	2023	6	18	11.69
2	2023	6	19	11.55
2	2023	6	20	11.53
2	2023	6	21	11.62
2	2023	6	22	11.66
2	2023	6	23	11.78
2	2023	6	24	11.82
2	2023	6	25	11.84
2	2023	6	26	11.93
2	2023	6	27	11.89
2	2023	6	28	11.69
2	2023	6	29	11.53
2	2023	6	30	11.5
2	2023	7	1	11.56
2	2023	7	2	11.6
2	2023	7	3	11.42
2	2023	7	4	11.41
2	2023	7	5	11.52
2	2023	7	6	11.68
2	2023	7	7	11.9
2	2023	7	8	12.07
2	2023	7	9	12.11
2	2023	7	10	11.79
2	2023	7	11	11.66
2	2023	7	12	11.47
2	2023	7	13	11.06
2	2023	7	14	10.64
2	2023	7	15	10.27
2	2023	7	16	9.97
2	2023	7	17	9.72
2	2023	7	18	9.52
2	2023	7	19	9.36
2	2023	7	20	9.22
2	2023	7	21	9.1
2	2023	7	22	9
2	2023	7	23	8.93
2	2023	7	24	8.9
2	2023	7	25	8.85
2	2023	7	26	8.81
2	2023	7	27	8.77
2	2023	7	28	8.77
2	2023	7	29	8.76
2	2023	7	30	8.76
2	2023	7	31	8.76
2	2023	8	1	8.78
2	2023	8	2	8.82
2	2023	8	3	8.85
2	2023	8	4	8.89
2	2023	8	5	8.96
2	2023	8	6	9
2	2023	8	7	9.06
2	2023	8	8	9.1
2	2023	8	9	9.14
2	2023	8	10	9.18
2	2023	8	11	9.25
2	2023	8	12	9.34
2	2023	8	13	9.41
2	2023	8	14	9.5
2	2023	8	15	9.59
2	2023	8	16	9.68
2	2023	8	17	9.95
2	2023	8	18	10.19
2	2023	8	19	10.44
2	2023	8	20	10.93
2	2023	8	21	11.21
2	2023	8	22	11.55
2	2023	8	23	11.93
2	2023	8	24	12.35
2	2023	8	25	12.73
2	2023	8	26	13.02
2	2023	8	27	13.31
2	2023	8	28	13.36
2	2023	8	29	13.17
2	2023	8	30	13.09
2	2023	8	31	13.2
2	2023	9	1	13.36
2	2023	9	2	13.42
2	2023	9	3	13.36
2	2023	9	4	13.06
2	2023	9	5	12.77
2	2023	9	6	12.5
2	2023	9	7	12.44
2	2023	9	8	12.34
2	2023	9	9	12.14
2	2023	9	10	11.87
2	2023	9	11	11.65
2	2023	9	12	11.68
2	2023	9	13	11.74
2	2023	9	14	11.95
2	2023	9	15	12.17
2	2023	9	16	12.18
2	2023	9	17	12.31
2	2023	9	18	12.56
2	2023	9	19	12.73
2	2023	9	20	12.75
2	2023	9	21	12.86
2	2023	9	22	12.99
2	2023	9	23	13.05
2	2023	9	24	12.94
2	2023	9	25	12.65
2	2023	9	26	12.56
2	2023	9	27	12.69
2	2023	9	28	12.65
2	2023	9	29	12.52
2	2023	9	30	12.58
2	2023	10	1	12.71
2	2023	10	2	12.63
2	2023	10	3	12.63
2	2023	10	4	12.7
2	2023	10	5	12.81
2	2023	10	6	13.02
2	2023	10	7	13.28
2	2023	10	8	13.44
2	2023	10	9	13.57
2	2023	10	10	13.56
2	2023	10	11	13.1
2	2023	10	12	12.79
2	2023	10	13	12.81
2	2023	10	14	12.62
2	2023	10	15	12.28
2	2023	10	16	11.93
2	2023	10	17	11.61
2	2023	10	18	11.33
2	2023	10	19	11.32
2	2023	10	20	11.58
2	2023	10	21	11.88
2	2023	10	22	12.09
2	2023	10	23	12.26
2	2023	10	24	12.42
2	2023	10	25	12.52
2	2023	10	26	12.59
2	2023	10	27	12.7
2	2023	10	28	12.76
2	2023	10	29	12.75
2	2023	10	30	12.75
2	2023	10	31	12.85
2	2023	11	1	12.97
2	2023	11	2	13
2	2023	11	3	13
2	2023	11	4	12.97
2	2023	11	5	12.88
2	2023	11	6	12.84
2	2023	11	7	12.84
2	2023	11	8	12.82
2	2023	11	9	12.75
2	2023	11	10	12.76
2	2023	11	11	12.71
2	2023	11	12	12.62
2	2023	11	13	12.56
2	2023	11	14	12.46
2	2023	11	15	12.28
2	2023	11	16	12.15
2	2023	11	17	12.06
2	2023	11	18	11.94
2	2023	11	19	11.85
2	2023	11	20	11.79
2	2023	11	21	11.77
2	2023	11	22	11.76
2	2023	11	23	11.71
2	2023	11	24	11.71
2	2023	11	25	11.69
2	2023	11	26	11.53
2	2023	11	27	11.5
2	2023	11	28	11.5
2	2023	11	29	11.45
2	2023	11	30	11.3
2	2023	12	1	11.02
2	2023	12	2	10.49
2	2023	12	3	10.05
2	2023	12	4	9.75
2	2023	12	5	9.59
2	2023	12	6	9.45
2	2023	12	7	9.22
2	2023	12	8	8.99
2	2023	12	9	8.85
2	2023	12	10	8.66
2	2023	12	11	8.66
2	2023	12	12	8.74
2	2023	12	13	8.64
2	2023	12	14	8.49
2	2023	12	15	8.41
2	2023	12	16	8.29
2	2023	12	17	8.11
2	2023	12	18	8.02
2	2023	12	19	8
2	2023	12	20	7.9
2	2023	12	21	7.79
2	2023	12	22	7.72
2	2023	12	23	7.61
2	2023	12	24	7.45
2	2023	12	25	7.27
2	2023	12	26	7.22
2	2023	12	27	7.14
2	2023	12	28	7.09
2	2023	12	29	7.15
2	2023	12	30	7.16
2	2023	12	31	7.13
2	2024	1	1	7.11
2	2024	1	2	7.11
2	2024	1	3	7.08
2	2024	1	4	7.12
2	2024	1	5	7.12
2	2024	1	6	7.14
2	2024	1	7	7.18
2	2024	1	8	7.06
2	2024	1	9	6.9
2	2024	1	10	6.94
2	2024	1	11	6.89
2	2024	1	12	6.81
2	2024	1	13	6.92
2	2024	1	14	6.89
2	2024	1	15	6.8
2	2024	1	16	6.8
2	2024	1	17	6.87
2	2024	1	18	6.82
2	2024	1	19	6.9
2	2024	1	20	7.02
2	2024	1	21	7.01
2	2024	1	22	6.93
2	2024	1	23	6.87
2	2024	1	24	6.79
2	2024	1	25	6.75
2	2024	1	26	6.84
2	2024	1	27	6.83
2	2024	1	28	6.83
2	2024	1	29	6.82
2	2024	1	30	6.85
2	2024	1	31	6.84
2	2024	2	1	6.96
2	2024	2	2	7.22
2	2024	2	3	7.4
2	2024	2	4	7.43
2	2024	2	5	7.44
2	2024	2	6	7.59
2	2024	2	7	7.71
2	2024	2	8	7.62
2	2024	2	9	7.67
2	2024	2	10	7.73
2	2024	2	11	7.79
2	2024	2	12	7.87
2	2024	2	13	8.12
2	2024	2	14	8.27
2	2024	2	15	8.33
2	2024	2	16	8.43
2	2024	2	17	8.49
2	2024	2	18	8.41
2	2024	2	19	8.22
2	2024	2	20	8.24
2	2024	2	21	8.29
2	2024	2	22	8.07
2	2024	2	23	7.88
2	2024	2	24	7.8
2	2024	2	25	7.66
2	2024	2	26	7.5
2	2024	2	27	7.59
2	2024	2	28	7.84
2	2024	2	29	8.09
2	2024	3	1	8.16
2	2024	3	2	8.25
2	2024	3	3	8.31
2	2024	3	4	8.19
2	2024	3	5	7.86
2	2024	3	6	7.64
2	2024	3	7	7.62
2	2024	3	8	7.69
2	2024	3	9	7.85
2	2024	3	10	8.14
2	2024	3	11	8.4
2	2024	3	12	8.59
2	2024	3	13	8.73
2	2024	3	14	8.85
2	2024	3	15	8.95
2	2024	3	16	9.02
2	2024	3	17	9.04
2	2024	3	18	9.1
2	2024	3	19	9.17
2	2024	3	20	9.16
2	2024	3	21	9.16
2	2024	3	22	9.09
2	2024	3	23	9.08
2	2024	3	24	9.11
2	2024	3	25	9.14
2	2024	3	26	9.19
2	2024	3	27	9.29
2	2024	3	28	9.46
2	2024	3	29	9.61
2	2024	3	30	9.67
2	2024	3	31	9.58
2	2024	4	1	9.28
2	2024	4	2	9.25
2	2024	4	3	9.45
2	2024	4	4	9.72
2	2024	4	5	9.9
2	2024	4	6	10.04
2	2024	4	7	10.14
2	2024	4	8	10.22
2	2024	4	9	10.26
2	2024	4	10	10.15
2	2024	4	11	10.01
2	2024	4	12	10.03
2	2024	4	13	10.03
2	2024	4	14	10.03
2	2024	4	15	10.06
2	2024	4	16	10.14
2	2024	4	17	10.2
2	2024	4	18	10.22
2	2024	4	19	10.16
2	2024	4	20	10.05
2	2024	4	21	10.07
2	2024	4	22	10.15
2	2024	4	23	10.16
2	2024	4	24	10.11
2	2024	4	25	10.14
2	2024	4	26	10.25
2	2024	4	27	10.33
2	2024	4	28	10.44
2	2024	4	29	10.53
2	2024	4	30	10.53
2	2024	5	1	10.52
2	2024	5	2	10.62
2	2024	5	3	10.7
2	2024	5	4	10.75
2	2024	5	5	10.89
2	2024	5	6	11.03
2	2024	5	7	11.1
2	2024	5	8	11.19
2	2024	5	9	11.28
2	2024	5	10	11.31
2	2024	5	11	11.34
2	2024	5	12	11.43
2	2024	5	13	11.44
2	2024	5	14	11.21
2	2024	5	15	11.13
2	2024	5	16	11.11
2	2024	5	17	11.02
2	2024	5	18	10.82
2	2024	5	19	10.74
2	2024	5	20	10.78
2	2024	5	21	10.82
2	2024	5	22	10.69
2	2024	5	23	10.38
2	2024	5	24	10.25
2	2024	5	25	10.4
2	2024	5	26	10.72
2	2024	5	27	11.07
2	2024	5	28	11.31
2	2024	5	29	11.36
2	2024	5	30	11.49
2	2024	5	31	11.61
2	2024	6	1	11.61
2	2024	6	2	11.68
2	2024	6	3	11.72
2	2024	6	4	11.63
2	2024	6	5	11.4
2	2024	6	6	11.41
2	2024	6	7	11.5
2	2024	6	8	11.62
2	2024	6	9	11.82
2	2024	6	10	12.02
2	2024	6	11	12.22
2	2024	6	12	12.44
2	2024	6	13	12.59
2	2024	6	14	12.67
2	2024	6	15	12.77
2	2024	6	16	12.94
2	2024	6	17	13.1
2	2024	6	18	13.24
2	2024	6	19	13.39
2	2024	6	20	13.48
2	2024	6	21	13.59
2	2024	6	22	13.73
2	2024	6	23	13.85
2	2024	6	24	14.05
2	2024	6	25	14.29
2	2024	6	26	14.44
2	2024	6	27	14.4
2	2024	6	28	14.21
2	2024	6	29	14.22
2	2024	6	30	14.34
2	2024	7	1	14.44
2	2024	7	2	14.53
2	2024	7	3	14.6
2	2024	7	4	14.58
2	2024	7	5	14.56
2	2024	7	6	14.59
2	2024	7	7	14.62
2	2024	7	8	14.69
2	2024	7	9	14.74
2	2024	7	10	14.77
2	2024	7	11	14.72
2	2024	7	12	14.66
2	2024	7	13	14.68
2	2024	7	14	14.73
2	2024	7	15	14.81
2	2024	7	16	14.9
2	2024	7	17	14.93
2	2024	7	18	14.87
2	2024	7	19	14.68
2	2024	7	20	14.47
2	2024	7	21	14.27
2	2024	7	22	14.28
2	2024	7	23	14.39
2	2024	7	24	14.49
2	2024	7	25	14.52
2	2024	7	26	14.59
2	2024	7	27	14.58
2	2024	7	28	14.54
2	2024	7	29	14.48
2	2024	7	30	14.52
2	2024	7	31	14.59
2	2024	8	1	14.55
2	2024	8	2	14.48
2	2024	8	3	14.36
2	2024	8	4	14.23
2	2024	8	5	14.23
2	2024	8	6	14.37
2	2024	8	7	14.45
2	2024	8	8	14.46
2	2024	8	9	14.47
2	2024	8	10	14.52
2	2024	8	11	14.69
2	2024	8	12	14.94
2	2024	8	13	15.14
2	2024	8	14	15.2
