11111111	2018	8	1	15.86595745	
11111111	2018	8	2	15.22105263	
11111111	2018	8	3	12.41354167	
11111111	2018	8	4	9.884375	
11111111	2018	8	5	10.95894737	
11111111	2018	8	6	10.21	
11111111	2018	8	7	10.82988506	
11111111	2018	8	8	11.23678161	
11111111	2018	8	9	10.61666667	
11111111	2018	8	10	11.66145833	
11111111	2018	8	11	11.70736842	
11111111	2018	8	12	9.136842105	
11111111	2018	8	13	6.692473118	
11111111	2018	8	14	6.459340659	
11111111	2018	8	15	7.083157895	
11111111	2018	8	16	6.694736842	
11111111	2018	8	17	6.907368421	
11111111	2018	8	18	7.44	
11111111	2018	8	19	8.6125	
11111111	2018	8	20	8.455384615	
11111111	2018	8	21		
11111111	2018	8	22	9.559090909	
11111111	2018	8	23	9.638461538	
11111111	2018	8	24	8.363829787	
11111111	2018	8	25	6.857142857	
11111111	2018	8	26	7.61827957	
11111111	2018	8	27	7.441304348	
11111111	2018	8	28	7.120652174	
11111111	2018	8	29	7.238947368	
11111111	2018	8	30	7.471276596	
11111111	2018	8	31	8.305882353	
11111111	2018	9	1	9.227957	
11111111	2018	9	2	9.189473684	
11111111	2018	9	3	9.201075269	
11111111	2018	9	4	10.1076087	
11111111	2018	9	5	11.50107527	
11111111	2018	9	6	12.29183673	
11111111	2018	9	7	10.34772727	
11111111	2018	9	8	11.07234043	
11111111	2018	9	9	9.473958333	
11111111	2018	9	10	8.187058824	
11111111	2018	9	11	10.28645833	
11111111	2018	9	12	12.59186047	
11111111	2018	9	13	10.08	
11111111	2018	9	14	8.141935484	
11111111	2018	9	15	9.175531915	
11111111	2018	9	16	9.015789474	
11111111	2018	9	17	8.789583333	
11111111	2018	9	18	9.495698925	
11111111	2018	9	19	9.027956989	
11111111	2018	9	20	9.385263158	
11111111	2018	9	21	10.14468085	
11111111	2018	9	22	10.18	
11111111	2018	9	23		
11111111	2018	9	24		
11111111	2018	9	25		
11111111	2018	9	26	9.4375	
11111111	2018	9	27	9.718085106	
11111111	2018	9	28	10.46914894	
11111111	2018	9	29	14.34945055	
11111111	2018	9	30	18.38064516	
11111111	2018	10	1	13.18181818	
11111111	2018	10	2	13.07571429	
11111111	2018	10	3	13.11578947	
11111111	2018	10	4	13.52446809	
11111111	2018	10	5	12.5606383	
11111111	2018	10	6	13.1172043	
11111111	2018	10	7	13.00416667	
11111111	2018	10	8	14.690625	
11111111	2018	10	9	16.38586957	
11111111	2018	10	10		
11111111	2018	10	11		
11111111	2018	10	12		
11111111	2018	10	13		
11111111	2018	10	14		
11111111	2018	10	15		
11111111	2018	10	16		
11111111	2018	10	17		
11111111	2018	10	18		
11111111	2018	10	19		
11111111	2018	10	20		
11111111	2018	10	21		
11111111	2018	10	22		
11111111	2018	10	23		
11111111	2018	10	24		
11111111	2018	10	25		
11111111	2018	10	26		
11111111	2018	10	27		
11111111	2018	10	28		
11111111	2018	10	29		
11111111	2018	10	30		
11111111	2018	10	31		
11111111	2018	11	1	14.58894737	
11111111	2018	11	2	15.24193548	
11111111	2018	11	3	15.75212766	
11111111	2018	11	4	15.75789474	
11111111	2018	11	5	16.54193548	
11111111	2018	11	6	16.45729167	
11111111	2018	11	7	15.78947368	
11111111	2018	11	8	14.99042553	
11111111	2018	11	9	14.98842105	
11111111	2018	11	10		
11111111	2018	11	11		
11111111	2018	11	12		
11111111	2018	11	13		
11111111	2018	11	14		
11111111	2018	11	15		
11111111	2018	11	16		
11111111	2018	11	17		
11111111	2018	11	18		
11111111	2018	11	19		
11111111	2018	11	20		
11111111	2018	11	21		
11111111	2018	11	22		
11111111	2018	11	23		
11111111	2018	11	24		
11111111	2018	11	25		
11111111	2018	11	26		
11111111	2018	11	27		
11111111	2018	11	28		
11111111	2018	11	29		
11111111	2018	11	30		
11111111	2018	12	1	46.03125	
11111111	2018	12	2	46.696875	
11111111	2018	12	3	45.92604167	
11111111	2018	12	4	46.35578947	
11111111	2018	12	5	49.15806452	
11111111	2018	12	6	50.73043478	
11111111	2018	12	7	59.534375	
11111111	2018	12	8	60.89791667	
11111111	2018	12	9	62.29578947	
11111111	2018	12	10		
11111111	2018	12	11		
11111111	2018	12	12		
11111111	2018	12	13		
11111111	2018	12	14		
11111111	2018	12	15		
11111111	2018	12	16		
11111111	2018	12	17		
11111111	2018	12	18		
11111111	2018	12	19		
11111111	2018	12	20		
11111111	2018	12	21		
11111111	2018	12	22		
11111111	2018	12	23		
11111111	2018	12	24		
11111111	2018	12	25		
11111111	2018	12	26		
11111111	2018	12	27		
11111111	2018	12	28		
11111111	2018	12	29		
11111111	2018	12	30		
11111111	2018	12	31		
11111111	2019	1	1		
11111111	2019	1	2		
11111111	2019	1	3		
11111111	2019	1	4		
11111111	2019	1	5		
11111111	2019	1	6		
11111111	2019	1	7		
11111111	2019	1	8		
11111111	2019	1	9		
11111111	2019	1	10		
11111111	2019	1	11		
11111111	2019	1	12		
11111111	2019	1	13		
11111111	2019	1	14		
11111111	2019	1	15		
11111111	2019	1	16		
11111111	2019	1	17		
11111111	2019	1	18		
11111111	2019	1	19		
11111111	2019	1	20		
11111111	2019	1	21		
11111111	2019	1	22		
11111111	2019	1	23		
11111111	2019	1	24		
11111111	2019	1	25		
11111111	2019	1	26		
11111111	2019	1	27		
11111111	2019	1	28		
11111111	2019	1	29		
11111111	2019	1	30		
11111111	2019	1	31		
11111111	2019	2	1		
11111111	2019	2	2		
11111111	2019	2	3		
11111111	2019	2	4		
11111111	2019	2	5		
11111111	2019	2	6		
11111111	2019	2	7		
11111111	2019	2	8		
11111111	2019	2	9		
11111111	2019	2	10		
11111111	2019	2	11		
11111111	2019	2	12		
11111111	2019	2	13		
11111111	2019	2	14		
11111111	2019	2	15		
11111111	2019	2	16		
11111111	2019	2	17		
11111111	2019	2	18		
11111111	2019	2	19		
11111111	2019	2	20		
11111111	2019	2	21		
11111111	2019	2	22		
11111111	2019	2	23		
11111111	2019	2	24		
11111111	2019	2	25		
11111111	2019	2	26		
11111111	2019	2	27		
11111111	2019	2	28		
11111111	2019	3	1		
11111111	2019	3	2		
11111111	2019	3	3		
11111111	2019	3	4		
11111111	2019	3	5		
11111111	2019	3	6		
11111111	2019	3	7		
11111111	2019	3	8		
11111111	2019	3	9		
11111111	2019	3	10		
11111111	2019	3	11		
11111111	2019	3	12		
11111111	2019	3	13		
11111111	2019	3	14		
11111111	2019	3	15		
11111111	2019	3	16		
11111111	2019	3	17		
11111111	2019	3	18		
11111111	2019	3	19		
11111111	2019	3	20		
11111111	2019	3	21		
11111111	2019	3	22		
11111111	2019	3	23		
11111111	2019	3	24		
11111111	2019	3	25		
11111111	2019	3	26		
11111111	2019	3	27		
11111111	2019	3	28		
11111111	2019	3	29		
11111111	2019	3	30		
11111111	2019	3	31		
11111111	2019	4	1		
11111111	2019	4	2		
11111111	2019	4	3		
11111111	2019	4	4		
11111111	2019	4	5		
11111111	2019	4	6		
11111111	2019	4	7		
11111111	2019	4	8		
11111111	2019	4	9		
11111111	2019	4	10		
11111111	2019	4	11		
11111111	2019	4	12		
11111111	2019	4	13		
11111111	2019	4	14		
11111111	2019	4	15		
11111111	2019	4	16		
11111111	2019	4	17		
11111111	2019	4	18		
11111111	2019	4	19		
11111111	2019	4	20		
11111111	2019	4	21		
11111111	2019	4	22		
11111111	2019	4	23		
11111111	2019	4	24		
11111111	2019	4	25		
11111111	2019	4	26		
11111111	2019	4	27		
11111111	2019	4	28		
11111111	2019	4	29		
11111111	2019	4	30		
11111111	2019	5	1		
11111111	2019	5	2		
11111111	2019	5	3		
11111111	2019	5	4		
11111111	2019	5	5		
11111111	2019	5	6		
11111111	2019	5	7		
11111111	2019	5	8		
11111111	2019	5	9		
11111111	2019	5	10		
11111111	2019	5	11		
11111111	2019	5	12		
11111111	2019	5	13		
11111111	2019	5	14		
11111111	2019	5	15		
11111111	2019	5	16		
11111111	2019	5	17		
11111111	2019	5	18		
11111111	2019	5	19		
11111111	2019	5	20		
11111111	2019	5	21		
11111111	2019	5	22		
11111111	2019	5	23		
11111111	2019	5	24		
11111111	2019	5	25		
11111111	2019	5	26		
11111111	2019	5	27		
11111111	2019	5	28		
11111111	2019	5	29		
11111111	2019	5	30		
11111111	2019	5	31		
11111111	2019	6	1		
11111111	2019	6	2		
11111111	2019	6	3		
11111111	2019	6	4		
11111111	2019	6	5		
11111111	2019	6	6		
11111111	2019	6	7		
11111111	2019	6	8		
11111111	2019	6	9		
11111111	2019	6	10		
11111111	2019	6	11		
11111111	2019	6	12		
11111111	2019	6	13		
11111111	2019	6	14		
11111111	2019	6	15		
11111111	2019	6	16		
11111111	2019	6	17		
11111111	2019	6	18		
11111111	2019	6	19		
11111111	2019	6	20		
11111111	2019	6	21	4.441573034	
11111111	2019	6	22	4.9	
11111111	2019	6	23		
11111111	2019	6	24		
11111111	2019	6	25		
11111111	2019	6	26		
11111111	2019	6	27		
11111111	2019	6	28		
11111111	2019	6	29		
11111111	2019	6	30		
11111111	2019	7	1		
11111111	2019	7	2		
11111111	2019	7	3		
11111111	2019	7	4		
11111111	2019	7	5		
11111111	2019	7	6		
11111111	2019	7	7		
11111111	2019	7	8		
11111111	2019	7	9		
11111111	2019	7	10		
11111111	2019	7	11		
11111111	2019	7	12		
11111111	2019	7	13		
11111111	2019	7	14		
11111111	2019	7	15		
11111111	2019	7	16		
11111111	2019	7	17		
11111111	2019	7	18		
11111111	2019	7	19		
11111111	2019	7	20	9.435483871	
11111111	2019	7	21	10.3787234	
11111111	2019	7	22	9.185714286	
11111111	2019	7	23	10.35	
11111111	2019	7	24	9.421052632	
11111111	2019	7	25	10.0212766	
11111111	2019	7	26	8.484946237	
11111111	2019	7	27	7.975	
11111111	2019	7	28	8.526315789	
11111111	2019	7	29	8.533333333	
11111111	2019	7	30	8.39	
11111111	2019	7	31	8.472727273	
11111111	2019	8	1		
11111111	2019	8	2	8.3	
11111111	2019	8	3	8.60625	
11111111	2019	8	4	6.9	
11111111	2019	8	5	6.536363636	
11111111	2019	8	6	6.13	
11111111	2019	8	7	6.18	
11111111	2019	8	8	6.1	
11111111	2019	8	9	5.35	
11111111	2019	8	10	6.116666667	
11111111	2019	8	11	7.7875	
11111111	2019	8	12	6.828571429	
11111111	2019	8	13	7.066666667	
11111111	2019	8	14	5.64	
11111111	2019	8	15	5.071428571	
11111111	2019	8	16	6.52	
11111111	2019	8	17	5.475	
11111111	2019	8	18	6.35	
11111111	2019	8	19	4.716666667	
11111111	2019	8	20	4.4	
11111111	2019	8	21	4.128571429	
11111111	2019	8	22	6.04	
11111111	2019	8	23	6.5	
11111111	2019	8	24	5.714285714	
11111111	2019	8	25	5.05	
11111111	2019	8	26	5.68	
11111111	2019	8	27	6.825	
11111111	2019	8	28	8.85	
11111111	2019	8	29	9.525	
11111111	2019	8	30	8.05	
11111111	2019	8	31	4.966666667	
11111111	2019	9	1	3.66	
11111111	2019	9	2	4.675	
11111111	2019	9	3	4.133333333	
11111111	2019	9	4	4.2	
11111111	2019	9	5		
11111111	2019	9	6		
11111111	2019	9	7		
11111111	2019	9	8		
11111111	2019	9	9		
11111111	2019	9	10		
11111111	2019	9	11		
11111111	2019	9	12		
11111111	2019	9	13		
11111111	2019	9	14		
11111111	2019	9	15		
11111111	2019	9	16		
11111111	2019	9	17		
11111111	2019	9	18		
11111111	2019	9	19		
11111111	2019	9	20		
11111111	2019	9	21		
11111111	2019	9	22		
11111111	2019	9	23		
11111111	2019	9	24		
11111111	2019	9	25		
11111111	2019	9	26		
11111111	2019	9	27	0.85	
11111111	2019	9	28		
11111111	2019	9	29		
11111111	2019	9	30		
11111111	2019	10	1	0	3.522916667
11111111	2019	10	2	3.475	
11111111	2019	10	3	4.357894737	
11111111	2019	10	4	4.940625	
11111111	2019	10	5	5.816666667	
11111111	2019	10	6	5.897916667	
11111111	2019	10	7	4.992631579	
11111111	2019	10	8	3.8375	
11111111	2019	10	9	4.127083333	
11111111	2019	10	10		
11111111	2019	10	11		
11111111	2019	10	12		
11111111	2019	10	13		
11111111	2019	10	14		
11111111	2019	10	15		
11111111	2019	10	16		
11111111	2019	10	17		
11111111	2019	10	18		
11111111	2019	10	19		
11111111	2019	10	20		
11111111	2019	10	21		
11111111	2019	10	22		
11111111	2019	10	23		
11111111	2019	10	24		
11111111	2019	10	25		
11111111	2019	10	26		
11111111	2019	10	27		
11111111	2019	10	28		
11111111	2019	10	29		
11111111	2019	10	30		
11111111	2019	10	31		
11111111	2019	11	1	0	25.98541667
11111111	2019	11	2	0	31.68631579
11111111	2019	11	3	14.10625	
11111111	2019	11	4	14.053125	
11111111	2019	11	5	15.35104167	
11111111	2019	11	6	18.24	
11111111	2019	11	7	20.94137931	
11111111	2019	11	8	22.97272727	
11111111	2019	11	9	24.49263158	
11111111	2019	11	10		
11111111	2019	11	11		
11111111	2019	11	12		
11111111	2019	11	13		
11111111	2019	11	14		
11111111	2019	11	15		
11111111	2019	11	16		
11111111	2019	11	17		
11111111	2019	11	18		
11111111	2019	11	19		
11111111	2019	11	20		
11111111	2019	11	21		
11111111	2019	11	22		
11111111	2019	11	23		
11111111	2019	11	24		
11111111	2019	11	25		
11111111	2019	11	26		
11111111	2019	11	27		
11111111	2019	11	28		
11111111	2019	11	29		
11111111	2019	11	30		
11111111	2019	12	1	42.434375	
11111111	2019	12	2	41.16052632	
11111111	2019	12	3	39.67916667	
11111111	2019	12	4	37.54479167	
11111111	2019	12	5	35.88958333	
11111111	2019	12	6	35.52083333	
11111111	2019	12	7	34.44210526	
11111111	2019	12	8	33.78854167	
11111111	2019	12	9	34.22916667	
11111111	2019	12	10		
11111111	2019	12	11		
11111111	2019	12	12		
11111111	2019	12	13		
11111111	2019	12	14		
11111111	2019	12	15		
11111111	2019	12	16		
11111111	2019	12	17		
11111111	2019	12	18		
11111111	2019	12	19		
11111111	2019	12	20		
11111111	2019	12	21		
11111111	2019	12	22		
11111111	2019	12	23		
11111111	2019	12	24		
11111111	2019	12	25		
11111111	2019	12	26		
11111111	2019	12	27		
11111111	2019	12	28		
11111111	2019	12	29		
11111111	2019	12	30		
11111111	2019	12	31		
11111111	2020	1	1	45.47578947	
11111111	2020	1	2	50.240625	
11111111	2020	1	3	46.21521739	
11111111	2020	1	4	38.65802469	
11111111	2020	1	5	37.8	
11111111	2020	1	6		
11111111	2020	1	7		
11111111	2020	1	8		
11111111	2020	1	9		
11111111	2020	1	10		
11111111	2020	1	11		
11111111	2020	1	12		
11111111	2020	1	13		
11111111	2020	1	14		
11111111	2020	1	15		
11111111	2020	1	16		
11111111	2020	1	17		
11111111	2020	1	18		
11111111	2020	1	19		
11111111	2020	1	20		
11111111	2020	1	21		
11111111	2020	1	22		
11111111	2020	1	23		
11111111	2020	1	24		
11111111	2020	1	25		
11111111	2020	1	26		
11111111	2020	1	27		
11111111	2020	1	28		
11111111	2020	1	29		
11111111	2020	1	30		
11111111	2020	1	31		
11111111	2020	2	1		
11111111	2020	2	2		
11111111	2020	2	3		
11111111	2020	2	4		
11111111	2020	2	5		
11111111	2020	2	6		
11111111	2020	2	7		
11111111	2020	2	8		
11111111	2020	2	9		
11111111	2020	2	10		
11111111	2020	2	11		
11111111	2020	2	12		
11111111	2020	2	13		
11111111	2020	2	14		
11111111	2020	2	15		
11111111	2020	2	16		
11111111	2020	2	17		
11111111	2020	2	18		
11111111	2020	2	19		
11111111	2020	2	20		
11111111	2020	2	21		
11111111	2020	2	22		
11111111	2020	2	23		
11111111	2020	2	24		
11111111	2020	2	25		
11111111	2020	2	26		
11111111	2020	2	27		
11111111	2020	2	28		
11111111	2020	2	29		
11111111	2020	3	1		
11111111	2020	3	2		
11111111	2020	3	3		
11111111	2020	3	4		
11111111	2020	3	5		
11111111	2020	3	6		
11111111	2020	3	7		
11111111	2020	3	8		
11111111	2020	3	9		
11111111	2020	3	10		
11111111	2020	3	11		
11111111	2020	3	12		
11111111	2020	3	13		
11111111	2020	3	14		
11111111	2020	3	15		
11111111	2020	3	16		
11111111	2020	3	17		
11111111	2020	3	18		
11111111	2020	3	19		
11111111	2020	3	20		
11111111	2020	3	21		
11111111	2020	3	22		
11111111	2020	3	23		
11111111	2020	3	24		
11111111	2020	3	25		
11111111	2020	3	26		
11111111	2020	3	27		
11111111	2020	3	28		
11111111	2020	3	29		
11111111	2020	3	30		
11111111	2020	3	31		
11111111	2020	4	1		
11111111	2020	4	2		
11111111	2020	4	3		
11111111	2020	4	4		
11111111	2020	4	5		
11111111	2020	4	6		
11111111	2020	4	7		
11111111	2020	4	8		
11111111	2020	4	9		
11111111	2020	4	10		
11111111	2020	4	11		
11111111	2020	4	12		
11111111	2020	4	13		
11111111	2020	4	14		
11111111	2020	4	15		
11111111	2020	4	16		
11111111	2020	4	17		
11111111	2020	4	18		
11111111	2020	4	19		
11111111	2020	4	20		
11111111	2020	4	21		
11111111	2020	4	22		
11111111	2020	4	23		
11111111	2020	4	24		
11111111	2020	4	25		
11111111	2020	4	26		
11111111	2020	4	27		
11111111	2020	4	28		
11111111	2020	4	29		
11111111	2020	4	30		
11111111	2020	5	1		
11111111	2020	5	2		
11111111	2020	5	3		
11111111	2020	5	4		
11111111	2020	5	5		
11111111	2020	5	6		
11111111	2020	5	7		
11111111	2020	5	8		
11111111	2020	5	9		
11111111	2020	5	10		
11111111	2020	5	11		
11111111	2020	5	12		
11111111	2020	5	13		
11111111	2020	5	14		
11111111	2020	5	15		
11111111	2020	5	16		
11111111	2020	5	17		
11111111	2020	5	18		
11111111	2020	5	19		
11111111	2020	5	20		
11111111	2020	5	21		
11111111	2020	5	22		
11111111	2020	5	23		
11111111	2020	5	24		
11111111	2020	5	25		
11111111	2020	5	26		
11111111	2020	5	27		
11111111	2020	5	28		
11111111	2020	5	29		
11111111	2020	5	30		
11111111	2020	5	31		
11111111	2020	6	1		
11111111	2020	6	2		
11111111	2020	6	3		
11111111	2020	6	4		
11111111	2020	6	5		
11111111	2020	6	6		
11111111	2020	6	7		
11111111	2020	6	8		
11111111	2020	6	9		
11111111	2020	6	10		
11111111	2020	6	11		
11111111	2020	6	12		
11111111	2020	6	13		
11111111	2020	6	14		
11111111	2020	6	15		
11111111	2020	6	16		
11111111	2020	6	17		
11111111	2020	6	18		
11111111	2020	6	19		
11111111	2020	6	20		
11111111	2020	6	21		
11111111	2020	6	22		
11111111	2020	6	23		
11111111	2020	6	24		
11111111	2020	6	25		
11111111	2020	6	26		
11111111	2020	6	27		
11111111	2020	6	28		
11111111	2020	6	29		
11111111	2020	6	30		
11111111	2020	7	1		
11111111	2020	7	2		
11111111	2020	7	3		
11111111	2020	7	4		
11111111	2020	7	5		
11111111	2020	7	6		
11111111	2020	7	7		
11111111	2020	7	8		
11111111	2020	7	9		
11111111	2020	7	10		
11111111	2020	7	11		
11111111	2020	7	12		
11111111	2020	7	13		
11111111	2020	7	14		
11111111	2020	7	15		
11111111	2020	7	16		
11111111	2020	7	17		
11111111	2020	7	18		
11111111	2020	7	19		
11111111	2020	7	20		
11111111	2020	7	21		
11111111	2020	7	22		
11111111	2020	7	23		
11111111	2020	7	24		
11111111	2020	7	25		
11111111	2020	7	26		
11111111	2020	7	27		
11111111	2020	7	28		
11111111	2020	7	29		
11111111	2020	7	30		
11111111	2020	7	31		
11111111	2020	8	1		
11111111	2020	8	2		
11111111	2020	8	3		
11111111	2020	8	4		
11111111	2020	8	5		
11111111	2020	8	6		
11111111	2020	8	7		
11111111	2020	8	8		
11111111	2020	8	9		
11111111	2020	8	10		
11111111	2020	8	11		
11111111	2020	8	12		
11111111	2020	8	13		
11111111	2020	8	14		
11111111	2020	8	15		
11111111	2020	8	16		
11111111	2020	8	17		
11111111	2020	8	18		
11111111	2020	8	19		
11111111	2020	8	20		
11111111	2020	8	21		
11111111	2020	8	22		
11111111	2020	8	23		
11111111	2020	8	24		
11111111	2020	8	25		
11111111	2020	8	26		
11111111	2020	8	27		
11111111	2020	8	28		
11111111	2020	8	29		
11111111	2020	8	30		
11111111	2020	8	31		
11111111	2020	9	1		
11111111	2020	9	2		
11111111	2020	9	3		
11111111	2020	9	4		
11111111	2020	9	5		
11111111	2020	9	6		
11111111	2020	9	7		
11111111	2020	9	8		
11111111	2020	9	9		
11111111	2020	9	10		
11111111	2020	9	11		
11111111	2020	9	12		
11111111	2020	9	13		
11111111	2020	9	14		
11111111	2020	9	15		
11111111	2020	9	16		
11111111	2020	9	17		
11111111	2020	9	18		
11111111	2020	9	19		
11111111	2020	9	20		
11111111	2020	9	21		
11111111	2020	9	22		
11111111	2020	9	23		
11111111	2020	9	24		
11111111	2020	9	25		
11111111	2020	9	26		
11111111	2020	9	27		
11111111	2020	9	28		
11111111	2020	9	29		
11111111	2020	9	30		
11111111	2020	10	1		
11111111	2020	10	2		
11111111	2020	10	3		
11111111	2020	10	4		
11111111	2020	10	5		
11111111	2020	10	6		
11111111	2020	10	7		
11111111	2020	10	8		
11111111	2020	10	9		
11111111	2020	10	10		
11111111	2020	10	11		
11111111	2020	10	12		
11111111	2020	10	13		
11111111	2020	10	14		
11111111	2020	10	15		
11111111	2020	10	16		
11111111	2020	10	17		
11111111	2020	10	18		
11111111	2020	10	19		
11111111	2020	10	20		
11111111	2020	10	21		
11111111	2020	10	22		
11111111	2020	10	23		
11111111	2020	10	24		
11111111	2020	10	25		
11111111	2020	10	26		
11111111	2020	10	27		
11111111	2020	10	28		
11111111	2020	10	29		
11111111	2020	10	30		
11111111	2020	10	31		
11111111	2020	11	1		
11111111	2020	11	2		
11111111	2020	11	3		
11111111	2020	11	4		
11111111	2020	11	5		
11111111	2020	11	6		
11111111	2020	11	7		
11111111	2020	11	8		
11111111	2020	11	9		
11111111	2020	11	10		
11111111	2020	11	11		
11111111	2020	11	12		
11111111	2020	11	13		
11111111	2020	11	14		
11111111	2020	11	15		
11111111	2020	11	16		
11111111	2020	11	17		
11111111	2020	11	18		
11111111	2020	11	19		
11111111	2020	11	20		
11111111	2020	11	21		
11111111	2020	11	22		
11111111	2020	11	23		
11111111	2020	11	24		
11111111	2020	11	25		
11111111	2020	11	26		
11111111	2020	11	27		
11111111	2020	11	28		
11111111	2020	11	29		
11111111	2020	11	30		
11111111	2020	12	1		
11111111	2020	12	2		
11111111	2020	12	3		
11111111	2020	12	4		
11111111	2020	12	5		
11111111	2020	12	6		
11111111	2020	12	7		
11111111	2020	12	8		
11111111	2020	12	9		
11111111	2020	12	10		
11111111	2020	12	11		
11111111	2020	12	12		
11111111	2020	12	13		
11111111	2020	12	14		
11111111	2020	12	15		
11111111	2020	12	16		
11111111	2020	12	17		
11111111	2020	12	18		
11111111	2020	12	19		
11111111	2020	12	20		
11111111	2020	12	21		
11111111	2020	12	22		
11111111	2020	12	23		
11111111	2020	12	24		
11111111	2020	12	25		
11111111	2020	12	26		
11111111	2020	12	27		
11111111	2020	12	28		
11111111	2020	12	29		
11111111	2020	12	30		
11111111	2020	12	31		
11111111	2021	1	1		
11111111	2021	1	2		
11111111	2021	1	3		
11111111	2021	1	4		
11111111	2021	1	5		
11111111	2021	1	6		
11111111	2021	1	7		
11111111	2021	1	8		
11111111	2021	1	9		
11111111	2021	1	10		
11111111	2021	1	11		
11111111	2021	1	12		
11111111	2021	1	13		
11111111	2021	1	14		
11111111	2021	1	15		
11111111	2021	1	16		
11111111	2021	1	17		
11111111	2021	1	18		
11111111	2021	1	19		
11111111	2021	1	20		
11111111	2021	1	21		
11111111	2021	1	22		
11111111	2021	1	23		
11111111	2021	1	24		
11111111	2021	1	25		
11111111	2021	1	26		
11111111	2021	1	27		
11111111	2021	1	28		
11111111	2021	1	29		
11111111	2021	1	30		
11111111	2021	1	31		
11111111	2021	2	1		
11111111	2021	2	2		
11111111	2021	2	3		
11111111	2021	2	4		
11111111	2021	2	5		
11111111	2021	2	6		
11111111	2021	2	7		
11111111	2021	2	8		
11111111	2021	2	9		
11111111	2021	2	10		
11111111	2021	2	11		
11111111	2021	2	12		
11111111	2021	2	13		
11111111	2021	2	14		
11111111	2021	2	15		
11111111	2021	2	16		
11111111	2021	2	17		
11111111	2021	2	18		
11111111	2021	2	19		
11111111	2021	2	20		
11111111	2021	2	21		
11111111	2021	2	22		
11111111	2021	2	23		
11111111	2021	2	24		
11111111	2021	2	25		
11111111	2021	2	26		
11111111	2021	2	27		
11111111	2021	2	28		
11111111	2021	3	1		
11111111	2021	3	2		
11111111	2021	3	3		
11111111	2021	3	4		
11111111	2021	3	5		
11111111	2021	3	6		
11111111	2021	3	7		
11111111	2021	3	8		
11111111	2021	3	9		
11111111	2021	3	10		
11111111	2021	3	11		
11111111	2021	3	12		
11111111	2021	3	13		
11111111	2021	3	14		
11111111	2021	3	15		
11111111	2021	3	16		
11111111	2021	3	17		
11111111	2021	3	18		
11111111	2021	3	19		
11111111	2021	3	20		
11111111	2021	3	21		
11111111	2021	3	22		
11111111	2021	3	23		
11111111	2021	3	24		
11111111	2021	3	25		
11111111	2021	3	26		
11111111	2021	3	27		
11111111	2021	3	28		
11111111	2021	3	29		
11111111	2021	3	30		
11111111	2021	3	31		
11111111	2021	4	1		
11111111	2021	4	2		
11111111	2021	4	3		
11111111	2021	4	4		
11111111	2021	4	5		
11111111	2021	4	6		
11111111	2021	4	7		
11111111	2021	4	8		
11111111	2021	4	9		
11111111	2021	4	10		
11111111	2021	4	11		
11111111	2021	4	12		
11111111	2021	4	13		
11111111	2021	4	14		
11111111	2021	4	15		
11111111	2021	4	16		
11111111	2021	4	17		
11111111	2021	4	18		
11111111	2021	4	19		
11111111	2021	4	20	33.46176471	
11111111	2021	4	21	32.94456522	
11111111	2021	4	22	30.52105263	
11111111	2021	4	23	27.7287234	
11111111	2021	4	24	28.44301075	
11111111	2021	4	25	26.85157895	
11111111	2021	4	26	26.69206349	
11111111	2021	4	27	23.02702703	
11111111	2021	4	28	22.93541667	
11111111	2021	4	29	24.45157895	
11111111	2021	4	30	24.31666667	
11111111	2021	5	1	23.5	
11111111	2021	5	2	22.18723404	
11111111	2021	5	3	21.09848485	
11111111	2021	5	4	20.35483871	
11111111	2021	5	5	19.9038961	
11111111	2021	5	6	21.12105263	
11111111	2021	5	7	23.08924731	
11111111	2021	5	8	23.07021277	
11111111	2021	5	9	23.65	
11111111	2021	5	10	24.65	
11111111	2021	5	11	27.47234043	
11111111	2021	5	12	33.434375	
11111111	2021	5	13	37.58947368	
11111111	2021	5	14	37.75684211	
11111111	2021	5	15	36.29684211	
11111111	2021	5	16	34.40638298	
11111111	2021	5	17	31.88804348	
11111111	2021	5	18	29.71702128	
11111111	2021	5	19	27.33222222	
11111111	2021	5	20	25.16105263	
11111111	2021	5	21	24.64842105	
11111111	2021	5	22	22.91041667	
11111111	2021	5	23	21.49680851	
11111111	2021	5	24	19.92526316	
11111111	2021	5	25	18.37037037	
11111111	2021	5	26	18.32604167	
11111111	2021	5	27	17.12608696	
11111111	2021	5	28	14.84947368	
11111111	2021	5	29	15.4688172	
11111111	2021	5	30	16.06770833	
11111111	2021	5	31	16.06489362	
11111111	2021	6	1	14.53913043	
11111111	2021	6	2	14.42325581	
11111111	2021	6	3	15.59583333	
11111111	2021	6	4	15.5	
11111111	2021	6	5	17.16458333	
11111111	2021	6	6	18.03578947	
11111111	2021	6	7	24.18526316	
11111111	2021	6	8	24.52978723	
11111111	2021	6	9	22.46458333	
11111111	2021	6	10	16.13829787	
11111111	2021	6	11	17.22795699	
11111111	2021	6	12	18.09569892	
11111111	2021	6	13	20.16923077	
11111111	2021	6	14	17.290625	
11111111	2021	6	15	17.89770115	
11111111	2021	6	16	17.95510204	
11111111	2021	6	17	16.98627451	
11111111	2021	6	18	17.75894737	
11111111	2021	6	19	18.39578947	
11111111	2021	6	20	18.93191489	
11111111	2021	6	21	22.38958333	
11111111	2021	6	22	25.2287234	
11111111	2021	6	23	23.66842105	
11111111	2021	6	24	22.29247312	
11111111	2021	6	25	23.88829787	
11111111	2021	6	26	26.88947368	
11111111	2021	6	27	29.715625	
11111111	2021	6	28	32.09368421	
11111111	2021	6	29	30.20344828	
11111111	2021	6	30	28.909375	
11111111	2021	7	1	27.49684211	
11111111	2021	7	2	26.17473684	
11111111	2021	7	3	23.96354167	
11111111	2021	7	4	22.96947368	
11111111	2021	7	5	21.82947368	
11111111	2021	7	6	20.54516129	
11111111	2021	7	7	20.37446809	
11111111	2021	7	8	22.38297872	
11111111	2021	7	9	23.33707865	
11111111	2021	7	10	20.734375	
11111111	2021	7	11	21.25104167	
11111111	2021	7	12	20.95368421	
11111111	2021	7	13	19.53684211	
11111111	2021	7	14	22.09166667	
11111111	2021	7	15	21.74175824	
11111111	2021	7	16	21.20537634	
11111111	2021	7	17	23.44270833	
11111111	2021	7	18	24.12282609	
11111111	2021	7	19	25.67052632	
11111111	2021	7	20	27.69473684	
11111111	2021	7	21	27.05729167	
11111111	2021	7	22	28.09789474	
11111111	2021	7	23	25.72291667	
11111111	2021	7	24	24.27916667	
11111111	2021	7	25	22.86526316	
11111111	2021	7	26	24.03958333	
11111111	2021	7	27	25.90105263	
11111111	2021	7	28	26.06352941	
11111111	2021	7	29	26.91041667	
11111111	2021	7	30	26.809375	
11111111	2021	7	31	25.12553191	
11111111	2021	8	1	25.70430108	
11111111	2021	8	2	25.9712766	
11111111	2021	8	3	24.44021739	
11111111	2021	8	4	26.02195122	
11111111	2021	8	5		
11111111	2021	8	6		
11111111	2021	8	7		
11111111	2021	8	8		
11111111	2021	8	9		
11111111	2021	8	10		
11111111	2021	8	11		
11111111	2021	8	12		
11111111	2021	8	13		
11111111	2021	8	14		
11111111	2021	8	15		
11111111	2021	8	16		
11111111	2021	8	17		
11111111	2021	8	18		
11111111	2021	8	19		
11111111	2021	8	20		
11111111	2021	8	21		
11111111	2021	8	22		
11111111	2021	8	23		
11111111	2021	8	24		
11111111	2021	8	25		
11111111	2021	8	26		
11111111	2021	8	27		
11111111	2021	8	28		
11111111	2021	8	29		
11111111	2021	8	30		
11111111	2021	8	31		
11111111	2021	9	1		
11111111	2021	9	2		
11111111	2021	9	3		
11111111	2021	9	4		
11111111	2021	9	5		
11111111	2021	9	6		
11111111	2021	9	7		
11111111	2021	9	8		
11111111	2021	9	9		
11111111	2021	9	10		
11111111	2021	9	11		
11111111	2021	9	12		
11111111	2021	9	13		
11111111	2021	9	14		
11111111	2021	9	15		
11111111	2021	9	16		
11111111	2021	9	17		
11111111	2021	9	18		
11111111	2021	9	19		
11111111	2021	9	20		
11111111	2021	9	21		
11111111	2021	9	22		
11111111	2021	9	23		
11111111	2021	9	24		
11111111	2021	9	25		
11111111	2021	9	26		
11111111	2021	9	27		
11111111	2021	9	28		
11111111	2021	9	29		
11111111	2021	9	30		
11111111	2021	10	1	1	28.35
11111111	2021	10	2	0	30.83010753
11111111	2021	10	3	0	37.40729167
11111111	2021	10	4		
11111111	2021	10	5		
11111111	2021	10	6		
11111111	2021	10	7		
11111111	2021	10	8	38.2	
11111111	2021	10	9		
11111111	2021	10	10		
11111111	2021	10	11		
11111111	2021	10	12		
11111111	2021	10	13		
11111111	2021	10	14		
11111111	2021	10	15		
11111111	2021	10	16		
11111111	2021	10	17		
11111111	2021	10	18		
11111111	2021	10	19		
11111111	2021	10	20		
11111111	2021	10	21		
11111111	2021	10	22		
11111111	2021	10	23		
11111111	2021	10	24		
11111111	2021	10	25		
11111111	2021	10	26		
11111111	2021	10	27		
11111111	2021	10	28		
11111111	2021	10	29		
11111111	2021	10	30		
11111111	2021	10	31		
11111111	2021	11	1	35.58958333	
11111111	2021	11	2	34.275	
11111111	2021	11	3	34.21875	
11111111	2021	11	4	34.88617021	
11111111	2021	11	5	33.96382979	
11111111	2021	11	6	33.92446809	
11111111	2021	11	7	34.5893617	
11111111	2021	11	8	34.89010989	
11111111	2021	11	9	33.140625	
11111111	2021	11	10		
11111111	2021	11	11		
11111111	2021	11	12		
11111111	2021	11	13		
11111111	2021	11	14		
11111111	2021	11	15		
11111111	2021	11	16		
11111111	2021	11	17		
11111111	2021	11	18		
11111111	2021	11	19		
11111111	2021	11	20		
11111111	2021	11	21		
11111111	2021	11	22		
11111111	2021	11	23		
11111111	2021	11	24		
11111111	2021	11	25		
11111111	2021	11	26		
11111111	2021	11	27		
11111111	2021	11	28		
11111111	2021	11	29		
11111111	2021	11	30		
11111111	2021	12	1	20.35168539	
11111111	2021	12	2	20.12291667	
11111111	2021	12	3	19.21979167	
11111111	2021	12	4	19.54315789	
11111111	2021	12	5	20.30210526	
11111111	2021	12	6	19.75212766	
11111111	2021	12	7	20.31368421	
11111111	2021	12	8	21.60322581	
11111111	2021	12	9	23.16022727	
11111111	2021	12	10		
11111111	2021	12	11		
11111111	2021	12	12		
11111111	2021	12	13		
11111111	2021	12	14		
11111111	2021	12	15		
11111111	2021	12	16		
11111111	2021	12	17		
11111111	2021	12	18		
11111111	2021	12	19		
11111111	2021	12	20		
11111111	2021	12	21		
11111111	2021	12	22		
11111111	2021	12	23		
11111111	2021	12	24		
11111111	2021	12	25		
11111111	2021	12	26		
11111111	2021	12	27		
11111111	2021	12	28		
11111111	2021	12	29		
11111111	2021	12	30		
11111111	2021	12	31		
11111111	2022	1	1	47.29166667	
11111111	2022	1	2	45.92105263	
11111111	2022	1	3	40.54583333	
11111111	2022	1	4	40.87578947	
11111111	2022	1	5	38.45824176	
11111111	2022	1	6	37.468	
11111111	2022	1	7	38.94210526	
11111111	2022	1	8	42.77956989	
11111111	2022	1	9	43.22	
11111111	2022	1	10	40.946875	
11111111	2022	1	11	41.01808511	
11111111	2022	1	12	41.57553191	
11111111	2022	1	13	43.07789474	
11111111	2022	1	14	43.92083333	
11111111	2022	1	15	44.46947368	
11111111	2022	1	16	44.57604167	
11111111	2022	1	17	42.61413043	
11111111	2022	1	18	40.11538462	
11111111	2022	1	19	38.71935484	
11111111	2022	1	20	37.08421053	
11111111	2022	1	21	36.446875	
11111111	2022	1	22	37.01354167	
11111111	2022	1	23	37.46808511	
11111111	2022	1	24	36.21318681	
11111111	2022	1	25	36.11428571	
11111111	2022	1	26	39.125	
11111111	2022	1	27		
11111111	2022	1	28		
11111111	2022	1	29		
11111111	2022	1	30		
11111111	2022	1	31	38.8	
11111111	2022	2	1	39.24117647	
11111111	2022	2	2	39.75393258	
11111111	2022	2	3	41.95	
11111111	2022	2	4	40.28734177	
11111111	2022	2	5	39.390625	
11111111	2022	2	6	40.03052632	
11111111	2022	2	7	37.79791667	
11111111	2022	2	8	34.17303371	
11111111	2022	2	9	33.69010989	
11111111	2022	2	10	35.65147059	
11111111	2022	2	11	37.00729167	
11111111	2022	2	12	37.83974359	
11111111	2022	2	13	38.46153846	
11111111	2022	2	14	37.08404255	
11111111	2022	2	15	38.6828125	
11111111	2022	2	16	41.9875	
11111111	2022	2	17	42.94210526	
11111111	2022	2	18	43.12	
11111111	2022	2	19	40.05526316	
11111111	2022	2	20	40.51770833	
11111111	2022	2	21	40.23333333	
11111111	2022	2	22	38.93020833	
11111111	2022	2	23	41.62282609	
11111111	2022	2	24	47.02758621	
11111111	2022	2	25	43.75625	
11111111	2022	2	26	36.93478261	
11111111	2022	2	27		
11111111	2022	2	28	38.55348837	
11111111	2022	3	1	36.55591398	
11111111	2022	3	2	37.3	
11111111	2022	3	3	36.56923077	
11111111	2022	3	4		
11111111	2022	3	5		
11111111	2022	3	6		
11111111	2022	3	7		
11111111	2022	3	8		
11111111	2022	3	9		
11111111	2022	3	10		
11111111	2022	3	11		
11111111	2022	3	12		
11111111	2022	3	13		
11111111	2022	3	14		
11111111	2022	3	15		
11111111	2022	3	16		
11111111	2022	3	17		
11111111	2022	3	18		
11111111	2022	3	19		
11111111	2022	3	20		
11111111	2022	3	21		
11111111	2022	3	22		
11111111	2022	3	23		
11111111	2022	3	24		
11111111	2022	3	25		
11111111	2022	3	26		
11111111	2022	3	27		
11111111	2022	3	28		
11111111	2022	3	29	22.80434783	
11111111	2022	3	30	22.96736842	
11111111	2022	3	31	23.12340426	
11111111	2022	4	1	25.33763441	
11111111	2022	4	2	29.84842105	
11111111	2022	4	3	30.37684211	
11111111	2022	4	4	29.10107527	
11111111	2022	4	5	28.40625	
11111111	2022	4	6	25.70104167	
11111111	2022	4	7	26.45376344	
11111111	2022	4	8	26.709375	
11111111	2022	4	9	26.19375	
11111111	2022	4	10	24.84680851	
11111111	2022	4	11	25.64022989	
11111111	2022	4	12	26.18645833	
11111111	2022	4	13	24.68241758	
11111111	2022	4	14	24.3393617	
11111111	2022	4	15	23.91458333	
11111111	2022	4	16	22.36702128	
11111111	2022	4	17	22.28297872	
11111111	2022	4	18	24.46236559	
11111111	2022	4	19	25.22736842	
11111111	2022	4	20	26.3326087	
11111111	2022	4	21	23.92298851	
11111111	2022	4	22	21.51458333	
11111111	2022	4	23	21.578125	
11111111	2022	4	24	21.97684211	
11111111	2022	4	25	22.98208955	
11111111	2022	4	26	26.75306122	
11111111	2022	4	27	27.43958333	
11111111	2022	4	28	26.37234043	
11111111	2022	4	29	26.47684211	
11111111	2022	4	30	27.07534247	
11111111	2022	5	1	23.34722222	
11111111	2022	5	2	23.60520833	
11111111	2022	5	3	22.18958333	
11111111	2022	5	4	20.61029412	
11111111	2022	5	5	19.09684211	
11111111	2022	5	6	17.85531915	
11111111	2022	5	7	17.40555556	
11111111	2022	5	8	17.0787234	
11111111	2022	5	9	16.69583333	
11111111	2022	5	10	16.73146067	
11111111	2022	5	11	17.76470588	
11111111	2022	5	12	17.575	
11111111	2022	5	13	16.94117647	
11111111	2022	5	14	15.9880597	
11111111	2022	5	15	15.21803279	
11111111	2022	5	16	14.50461538	
11111111	2022	5	17	13.11860465	
11111111	2022	5	18	12.10517241	
11111111	2022	5	19	9.855714286	
11111111	2022	5	20	9.558227848	
11111111	2022	5	21	8.979347826	
11111111	2022	5	22	9.771875	
11111111	2022	5	23	9.96875	
11111111	2022	5	24	9.945833333	
11111111	2022	5	25	9.431914894	
11111111	2022	5	26	13.46989247	
11111111	2022	5	27	17.89263158	
11111111	2022	5	28	12.28229167	
11111111	2022	5	29	13.68404255	
11111111	2022	5	30	15.20625	
11111111	2022	5	31	16.44042553	
11111111	2022	6	1	15.54255319	
11111111	2022	6	2	14.15666667	
11111111	2022	6	3	15.12365591	
11111111	2022	6	4	14.28085106	
11111111	2022	6	5	13.32291667	
11111111	2022	6	6	11.35473684	
11111111	2022	6	7	11.62395833	
11111111	2022	6	8	10.15729167	
11111111	2022	6	9	9.980208333	
11111111	2022	6	10	9.866666667	
11111111	2022	6	11	18.82736842	
11111111	2022	6	12	21.10104167	
11111111	2022	6	13	20.15208333	
11111111	2022	6	14	18.48714286	
11111111	2022	6	15		
11111111	2022	6	16		
11111111	2022	6	17		
11111111	2022	6	18		
11111111	2022	6	19		
11111111	2022	6	20	18.22857143	
11111111	2022	6	21	16.35833333	
11111111	2022	6	22	16.32083333	
11111111	2022	6	23	16.86145833	
11111111	2022	6	24	17.27978723	
11111111	2022	6	25	17.01473684	
11111111	2022	6	26	17.36736842	
11111111	2022	6	27	16.83052632	
11111111	2022	6	28	17.36451613	
11111111	2022	6	29	17.33617021	
11111111	2022	6	30	16.60842105	
11111111	2022	7	1	15.68229167	
11111111	2022	7	2	14.81458333	
11111111	2022	7	3	14.89789474	
11111111	2022	7	4	14.06631579	
11111111	2022	7	5	12.87526882	
11111111	2022	7	6	11.18105263	
11111111	2022	7	7	9.623529412	
11111111	2022	7	8	7.842528736	
11111111	2022	7	9	6.888764045	
11111111	2022	7	10	6.313541667	
11111111	2022	7	11	6.507142857	
11111111	2022	7	12	5.879268293	
11111111	2022	7	13	6.577777778	
11111111	2022	7	14	6.069047619	
11111111	2022	7	15	5.26875	
11111111	2022	7	16	5.147916667	
11111111	2022	7	17	5.516666667	
11111111	2022	7	18	6.315555556	
11111111	2022	7	19	7.1	
11111111	2022	7	20	7.902597403	
11111111	2022	7	21	7.202083333	
11111111	2022	7	22	7.867708333	
11111111	2022	7	23	7.953684211	
11111111	2022	7	24	8.89893617	
11111111	2022	7	25	9.98630137	
11111111	2022	7	26	10.8043956	
11111111	2022	7	27	13.03695652	
11111111	2022	7	28	12.58586957	
11111111	2022	7	29	13.276	
11111111	2022	7	30	13.25	
11111111	2022	7	31	12.50212766	
11111111	2022	8	1	11.13166667	
11111111	2022	8	2		
11111111	2022	8	3		
11111111	2022	8	4	10.27297297	
11111111	2022	8	5	17.08	
11111111	2022	8	6	10.93368421	
11111111	2022	8	7	12.3521	
11111111	2022	8	8	11.60104167	
11111111	2022	8	9	11.30947368	
11111111	2022	8	10	12.53617021	
11111111	2022	8	11	10.63020833	
11111111	2022	8	12	8.577272727	
11111111	2022	8	13	6.848958333	
11111111	2022	8	14	8.045833333	
11111111	2022	8	15	9.009677419	
11111111	2022	8	16	7.72173913	
11111111	2022	8	17	9.446875	
11111111	2022	8	18	9.706578947	
11111111	2022	8	19	9.686170213	
11111111	2022	8	20	9.139583333	
11111111	2022	8	21	8.682954545	
11111111	2022	8	22	9.296703297	
11111111	2022	8	23	8.846875	
11111111	2022	8	24	11.57083333	
11111111	2022	8	25	12.53333333	
11111111	2022	8	26	12.07263158	
11111111	2022	8	27	12.925	
11111111	2022	8	28	12.14065934	
11111111	2022	8	29	10.30833333	
11111111	2022	8	30	7.301041667	
11111111	2022	8	31	10.084375	
11111111	2022	9	1	10.42325581	
11111111	2022	9	2	10.54468085	
11111111	2022	9	3	10.64893617	
11111111	2022	9	4	11.04210526	
11111111	2022	9	5	12.25	
11111111	2022	9	6	12.49787234	
11111111	2022	9	7	12.03229167	
11111111	2022	9	8	12.10531915	
11111111	2022	9	9	12.18510638	
11111111	2022	9	10	11.47142857	
11111111	2022	9	11	10.30537634	
11111111	2022	9	12	8.322352941	
11111111	2022	9	13	7.823170732	
11111111	2022	9	14	7.441489362	
11111111	2022	9	15	7.411702128	
11111111	2022	9	16	6.621505376	
11111111	2022	9	17	5.897916667	
11111111	2022	9	18	6.715625	
11111111	2022	9	19	6.825	
11111111	2022	9	20	6.001111111	
11111111	2022	9	21	6.205319149	
11111111	2022	9	22	6.222340426	
11111111	2022	9	23	5.763235294	
11111111	2022	9	24	6.7625	
11111111	2022	9	25	6.768292683	
11111111	2022	9	26	6.859259259	
11111111	2022	9	27	6.786170213	
11111111	2022	9	28	6.558333333	
11111111	2022	9	29	7.105319149	
11111111	2022	9	30	6.91875	
11111111	2022	10	1	6.977894737	
11111111	2022	10	2	7.215789474	
11111111	2022	10	3	6.030208333	
11111111	2022	10	4	6.473333333	
11111111	2022	10	5	6.14	
11111111	2022	10	6	5.141666667	
11111111	2022	10	7	4.703225806	
11111111	2022	10	8	4.47311828	
11111111	2022	10	9	5.011458333	
11111111	2022	10	10		
11111111	2022	10	11		
11111111	2022	10	12		
11111111	2022	10	13		
11111111	2022	10	14		
11111111	2022	10	15		
11111111	2022	10	16		
11111111	2022	10	17		
11111111	2022	10	18		
11111111	2022	10	19		
11111111	2022	10	20		
11111111	2022	10	21		
11111111	2022	10	22		
11111111	2022	10	23		
11111111	2022	10	24		
11111111	2022	10	25		
11111111	2022	10	26		
11111111	2022	10	27		
11111111	2022	10	28		
11111111	2022	10	29		
11111111	2022	10	30		
11111111	2022	10	31		
11111111	2022	11	1	6.933684211	
11111111	2022	11	2	7.142708333	
11111111	2022	11	3	6.325	
11111111	2022	11	4	6.025	
11111111	2022	11	5	5.847368421	
11111111	2022	11	6	5.916842105	
11111111	2022	11	7	5.576041667	
11111111	2022	11	8	4.92	
11111111	2022	11	9	5.078125	
11111111	2022	11	10		
11111111	2022	11	11		
11111111	2022	11	12		
11111111	2022	11	13		
11111111	2022	11	14		
11111111	2022	11	15		
11111111	2022	11	16		
11111111	2022	11	17		
11111111	2022	11	18		
11111111	2022	11	19		
11111111	2022	11	20		
11111111	2022	11	21		
11111111	2022	11	22		
11111111	2022	11	23		
11111111	2022	11	24		
11111111	2022	11	25		
11111111	2022	11	26		
11111111	2022	11	27		
11111111	2022	11	28		
11111111	2022	11	29		
11111111	2022	11	30		
11111111	2022	12	1	21.06947368	
11111111	2022	12	2	28.66842105	
11111111	2022	12	3	26.053125	
11111111	2022	12	4	24.05913978	
11111111	2022	12	5	24.01789474	
11111111	2022	12	6	24.08478261	
11111111	2022	12	7	23.75376344	
11111111	2022	12	8	24.72150538	
11111111	2022	12	9	25.83617021	
11111111	2022	12	10		
11111111	2022	12	11		
11111111	2022	12	12		
11111111	2022	12	13		
11111111	2022	12	14		
11111111	2022	12	15		
11111111	2022	12	16		
11111111	2022	12	17		
11111111	2022	12	18		
11111111	2022	12	19		
11111111	2022	12	20		
11111111	2022	12	21		
11111111	2022	12	22		
11111111	2022	12	23		
11111111	2022	12	24		
11111111	2022	12	25		
11111111	2022	12	26		
11111111	2022	12	27		
11111111	2022	12	28		
11111111	2022	12	29		
11111111	2022	12	30		
11111111	2022	12	31		
11111111	2023	1	1	36.14631579	
11111111	2023	1	2	36.25652174	
11111111	2023	1	3	37.2	
11111111	2023	1	4	34.5952381	
11111111	2023	1	5	35.37021277	
11111111	2023	1	6	38.65416667	
11111111	2023	1	7	38.6875	
11111111	2023	1	8	35.71894737	
11111111	2023	1	9	34.76947368	
11111111	2023	1	10	32.41157895	
11111111	2023	1	11	31.11263158	
11111111	2023	1	12	30.09010989	
11111111	2023	1	13	30.375	
11111111	2023	1	14	31.72315789	
11111111	2023	1	15	37.21979167	
11111111	2023	1	16	42.06333333	
11111111	2023	1	17	41.61707317	
11111111	2023	1	18	41.75053763	
11111111	2023	1	19	42.37708333	
11111111	2023	1	20	43.68645833	
11111111	2023	1	21	43.34166667	
11111111	2023	1	22	39.40421053	
11111111	2023	1	23	33.69367089	
11111111	2023	1	24	32.61354167	
11111111	2023	1	25	32.76666667	
11111111	2023	1	26	33.02916667	
11111111	2023	1	27	34.61979167	
11111111	2023	1	28	37.21145833	
11111111	2023	1	29	38.48387097	
11111111	2023	1	30	38.215625	
11111111	2023	1	31	37.91875	
11111111	2023	2	1	40.54318182	
11111111	2023	2	2	37.15531915	
11111111	2023	2	3	34.81157895	
11111111	2023	2	4	34.021875	
11111111	2023	2	5	38.6625	
11111111	2023	2	6	35.46526316	
11111111	2023	2	7	33.39565217	
11111111	2023	2	8	32.74042553	
11111111	2023	2	9	33.47368421	
11111111	2023	2	10	35.30210526	
11111111	2023	2	11	35.09680851	
11111111	2023	2	12	34.73333333	
11111111	2023	2	13	34.34301075	
11111111	2023	2	14	35.91489362	
11111111	2023	2	15	38.759375	
11111111	2023	2	16	38.66923077	
11111111	2023	2	17	33.78602151	
11111111	2023	2	18	31.51145833	
11111111	2023	2	19	34.34526316	
11111111	2023	2	20	36.63020833	
11111111	2023	2	21	30.80729167	
11111111	2023	2	22	29.28315789	
11111111	2023	2	23	30.27234043	
11111111	2023	2	24	32.74479167	
11111111	2023	2	25	34.22765957	
11111111	2023	2	26	33.02653061	
11111111	2023	2	27	32.51666667	
11111111	2023	2	28	31.996875	
11111111	2023	3	1	31.13578947	
11111111	2023	3	2	30.40947368	
11111111	2023	3	3	32.00315789	
11111111	2023	3	4	35.61473684	
11111111	2023	3	5	40.66354167	
11111111	2023	3	6	43.26631579	
11111111	2023	3	7	40.57684211	
11111111	2023	3	8	37.81935484	
11111111	2023	3	9	34.97708333	
11111111	2023	3	10	33.20851064	
11111111	2023	3	11	34.83263158	
11111111	2023	3	12	35.73010753	
11111111	2023	3	13	39.35053763	
11111111	2023	3	14	42.12021277	
11111111	2023	3	15	45.52291667	
11111111	2023	3	16	43.64361702	
11111111	2023	3	17	41.89090909	
11111111	2023	3	18	40.34693878	
11111111	2023	3	19	39.05520833	
11111111	2023	3	20	37.58901099	
11111111	2023	3	21	37.35833333	
11111111	2023	3	22	37.1875	
11111111	2023	3	23	37.109375	
11111111	2023	3	24	35.11525424	
11111111	2023	3	25	35.13492063	
11111111	2023	3	26	35.25263158	
11111111	2023	3	27	31.52465753	
11111111	2023	3	28	30.14408602	
11111111	2023	3	29	31.57701149	
11111111	2023	3	30	30.07738095	
11111111	2023	3	31	27.66333333	
