11111120	2017	3	20	3.90212766
11111120	2017	3	21	4.096808511
11111120	2017	3	22	4.235416667
11111120	2017	3	23	4.1375
11111120	2017	3	24	4.255789474
11111120	2017	3	25	4.44375
11111120	2017	3	26	4.872916667
11111120	2017	3	27	4.796875
11111120	2017	3	28	5.74
11111120	2017	3	29	4.992473118
11111120	2017	3	30	4.678125
11111120	2017	3	31	4.625
11111120	2017	4	1	4.503125
11111120	2017	4	2	4.442708333
11111120	2017	4	3	6.234375
11111120	2017	4	4	7.752941176
11111120	2017	4	5	
11111120	2017	4	6	
11111120	2017	4	7	
11111120	2017	4	8	
11111120	2017	4	9	
11111120	2017	4	10	
11111120	2017	4	11	
11111120	2017	4	12	
11111120	2017	4	13	
11111120	2017	4	14	
11111120	2017	4	15	
11111120	2017	4	16	
11111120	2017	4	17	
11111120	2017	4	18	
11111120	2017	4	19	
11111120	2017	4	20	
11111120	2017	4	21	
11111120	2017	4	22	
11111120	2017	4	23	
11111120	2017	4	24	
11111120	2017	4	25	
11111120	2017	4	26	
11111120	2017	4	27	
11111120	2017	4	28	
11111120	2017	4	29	
11111120	2017	4	30	
11111120	2017	5	1	5.138947368
11111120	2017	5	2	5.323333333
11111120	2017	5	3	
11111120	2017	5	4	
11111120	2017	5	5	
11111120	2017	5	6	
11111120	2017	5	7	
11111120	2017	5	8	
11111120	2017	5	9	
11111120	2017	5	10	
11111120	2017	5	11	
11111120	2017	5	12	
11111120	2017	5	13	
11111120	2017	5	14	
11111120	2017	5	15	
11111120	2017	5	16	
11111120	2017	5	17	
11111120	2017	5	18	
11111120	2017	5	19	
11111120	2017	5	20	
11111120	2017	5	21	
11111120	2017	5	22	
11111120	2017	5	23	
11111120	2017	5	24	
11111120	2017	5	25	
11111120	2017	5	26	
11111120	2017	5	27	
11111120	2017	5	28	
11111120	2017	5	29	
11111120	2017	5	30	
11111120	2017	5	31	
11111120	2017	6	1	9.422727273
11111120	2017	6	2	
11111120	2017	6	3	
11111120	2017	6	4	
11111120	2017	6	5	
11111120	2017	6	6	
11111120	2017	6	7	
11111120	2017	6	8	
11111120	2017	6	9	
11111120	2017	6	10	
11111120	2017	6	11	
11111120	2017	6	12	
11111120	2017	6	13	
11111120	2017	6	14	
11111120	2017	6	15	
11111120	2017	6	16	
11111120	2017	6	17	
11111120	2017	6	18	
11111120	2017	6	19	
11111120	2017	6	20	
11111120	2017	6	21	
11111120	2017	6	22	
11111120	2017	6	23	
11111120	2017	6	24	
11111120	2017	6	25	
11111120	2017	6	26	
11111120	2017	6	27	
11111120	2017	6	28	
11111120	2017	6	29	
11111120	2017	6	30	
11111120	2017	7	1	
11111120	2017	7	2	
11111120	2017	7	3	
11111120	2017	7	4	
11111120	2017	7	5	
11111120	2017	7	6	
11111120	2017	7	7	
11111120	2017	7	8	
11111120	2017	7	9	
11111120	2017	7	10	
11111120	2017	7	11	
11111120	2017	7	12	
11111120	2017	7	13	
11111120	2017	7	14	
11111120	2017	7	15	
11111120	2017	7	16	
11111120	2017	7	17	
11111120	2017	7	18	
11111120	2017	7	19	
11111120	2017	7	20	
11111120	2017	7	21	
11111120	2017	7	22	
11111120	2017	7	23	
11111120	2017	7	24	
11111120	2017	7	25	
11111120	2017	7	26	
11111120	2017	7	27	
11111120	2017	7	28	
11111120	2017	7	29	
11111120	2017	7	30	
11111120	2017	7	31	
11111120	2017	8	1	
11111120	2017	8	2	
11111120	2017	8	3	
11111120	2017	8	4	
11111120	2017	8	5	
11111120	2017	8	6	
11111120	2017	8	7	
11111120	2017	8	8	
11111120	2017	8	9	
11111120	2017	8	10	
11111120	2017	8	11	
11111120	2017	8	12	
11111120	2017	8	13	
11111120	2017	8	14	
11111120	2017	8	15	
11111120	2017	8	16	
11111120	2017	8	17	
11111120	2017	8	18	
11111120	2017	8	19	
11111120	2017	8	20	
11111120	2017	8	21	
11111120	2017	8	22	
11111120	2017	8	23	
11111120	2017	8	24	
11111120	2017	8	25	
11111120	2017	8	26	
11111120	2017	8	27	
11111120	2017	8	28	
11111120	2017	8	29	
11111120	2017	8	30	
11111120	2017	8	31	
11111120	2017	9	1	
11111120	2017	9	2	
11111120	2017	9	3	
11111120	2017	9	4	
11111120	2017	9	5	
11111120	2017	9	6	
11111120	2017	9	7	
11111120	2017	9	8	
11111120	2017	9	9	
11111120	2017	9	10	
11111120	2017	9	11	
11111120	2017	9	12	
11111120	2017	9	13	
11111120	2017	9	14	
11111120	2017	9	15	
11111120	2017	9	16	
11111120	2017	9	17	
11111120	2017	9	18	
11111120	2017	9	19	
11111120	2017	9	20	
11111120	2017	9	21	
11111120	2017	9	22	
11111120	2017	9	23	
11111120	2017	9	24	3.771052632
11111120	2017	9	25	4.2375
11111120	2017	9	26	4.275
11111120	2017	9	27	4.329166667
11111120	2017	9	28	4.205208333
11111120	2017	9	29	4.202083333
11111120	2017	9	30	3.755208333
11111120	2017	10	1	3.915625
11111120	2017	10	2	4.313541667
11111120	2017	10	3	4.546428571
11111120	2017	10	4	
11111120	2017	10	5	4
11111120	2017	10	6	3.734042553
11111120	2017	10	7	3.852083333
11111120	2017	10	8	5.497916667
11111120	2017	10	9	7.041935484
11111120	2017	10	10	
11111120	2017	10	11	3.814285714
11111120	2017	10	12	4.073958333
11111120	2017	10	13	3.934375
11111120	2017	10	14	3.804166667
11111120	2017	10	15	3.772916667
11111120	2017	10	16	3.485483871
11111120	2017	10	17	
11111120	2017	10	18	
11111120	2017	10	19	
11111120	2017	10	20	
11111120	2017	10	21	
11111120	2017	10	22	
11111120	2017	10	23	
11111120	2017	10	24	
11111120	2017	10	25	
11111120	2017	10	26	
11111120	2017	10	27	
11111120	2017	10	28	
11111120	2017	10	29	
11111120	2017	10	30	
11111120	2017	10	31	
11111120	2017	11	1	12.275
11111120	2017	11	2	12.34479167
11111120	2017	11	3	12.22291667
11111120	2017	11	4	11.7125
11111120	2017	11	5	11.78125
11111120	2017	11	6	11.36770833
11111120	2017	11	7	14.22291667
11111120	2017	11	8	12.92916667
11111120	2017	11	9	11.61875
11111120	2017	11	10	11.21770833
11111120	2017	11	11	11.12395833
11111120	2017	11	12	11.33645833
11111120	2017	11	13	11.328125
11111120	2017	11	14	11.26458333
11111120	2017	11	15	11.34166667
11111120	2017	11	16	11.14166667
11111120	2017	11	17	11.16875
11111120	2017	11	18	11.20625
11111120	2017	11	19	11.30729167
11111120	2017	11	20	9.691397849
11111120	2017	11	21	6.166666667
11111120	2017	11	22	6.180208333
11111120	2017	11	23	6.29375
11111120	2017	11	24	6.338541667
11111120	2017	11	25	6.319791667
11111120	2017	11	26	6.269791667
11111120	2017	11	27	6.390625
11111120	2017	11	28	6.384375
11111120	2017	11	29	6.401298701
11111120	2017	11	30	
11111120	2017	12	1	
11111120	2017	12	2	
11111120	2017	12	3	
11111120	2017	12	4	
11111120	2017	12	5	
11111120	2017	12	6	
11111120	2017	12	7	
11111120	2017	12	8	
11111120	2017	12	9	
11111120	2017	12	10	
11111120	2017	12	11	
11111120	2017	12	12	
11111120	2017	12	13	
11111120	2017	12	14	
11111120	2017	12	15	
11111120	2017	12	16	
11111120	2017	12	17	
11111120	2017	12	18	6.588571429
11111120	2017	12	19	6.709375
11111120	2017	12	20	8.948958333
11111120	2017	12	21	10.13404255
11111120	2017	12	22	12.640625
11111120	2017	12	23	12.76530612
11111120	2017	12	24	
11111120	2017	12	25	
11111120	2017	12	26	
11111120	2017	12	27	
11111120	2017	12	28	
11111120	2017	12	29	
11111120	2017	12	30	
11111120	2017	12	31	
11111120	2018	1	1	
11111120	2018	1	2	
11111120	2018	1	3	
11111120	2018	1	4	
11111120	2018	1	5	
11111120	2018	1	6	
11111120	2018	1	7	
11111120	2018	1	8	13.475
11111120	2018	1	9	12.925
11111120	2018	1	10	12.51979167
11111120	2018	1	11	12.53538462
11111120	2018	1	12	
11111120	2018	1	13	
11111120	2018	1	14	
11111120	2018	1	15	
11111120	2018	1	16	
11111120	2018	1	17	
11111120	2018	1	18	
11111120	2018	1	19	
11111120	2018	1	20	
11111120	2018	1	21	
11111120	2018	1	22	9.547058824
11111120	2018	1	23	9.83125
11111120	2018	1	24	9.580208333
11111120	2018	1	25	9.895081967
11111120	2018	1	26	4.896666667
11111120	2018	1	27	5.392708333
11111120	2018	1	28	7.2875
11111120	2018	1	29	6.521875
11111120	2018	1	30	5.701041667
11111120	2018	1	31	5.384375
11111120	2018	2	1	5.286458333
11111120	2018	2	2	5.676041667
11111120	2018	2	3	5.2
11111120	2018	2	4	6.454166667
11111120	2018	2	5	6.53125
11111120	2018	2	6	5.68125
11111120	2018	2	7	6.490625
11111120	2018	2	8	6.490163934
11111120	2018	2	9	4.813953488
11111120	2018	2	10	5.597916667
11111120	2018	2	11	7.83125
11111120	2018	2	12	5.541489362
11111120	2018	2	13	5.228125
11111120	2018	2	14	5.295833333
11111120	2018	2	15	5.297894737
11111120	2018	2	16	5.314583333
11111120	2018	2	17	5.56875
11111120	2018	2	18	5.39375
11111120	2018	2	19	5.053623188
11111120	2018	2	20	8.207843137
11111120	2018	2	21	8.542708333
11111120	2018	2	22	8.735416667
11111120	2018	2	23	8.895833333
11111120	2018	2	24	9.102083333
11111120	2018	2	25	9.704166667
11111120	2018	2	26	9.197916667
11111120	2018	2	27	8.690625
11111120	2018	2	28	8.654166667
11111120	2018	3	1	9.211458333
11111120	2018	3	2	8.651041667
11111120	2018	3	3	8.463541667
11111120	2018	3	4	8.548958333
11111120	2018	3	5	8.640625
11111120	2018	3	6	8.801041667
11111120	2018	3	7	8.90625
11111120	2018	3	8	9.155555556
11111120	2018	3	9	
11111120	2018	3	10	
11111120	2018	3	11	
11111120	2018	3	12	
11111120	2018	3	13	
11111120	2018	3	14	
11111120	2018	3	15	
11111120	2018	3	16	
11111120	2018	3	17	
11111120	2018	3	18	
11111120	2018	3	19	9.164864865
11111120	2018	3	20	10.39270833
11111120	2018	3	21	9.870833333
11111120	2018	3	22	9.480208333
11111120	2018	3	23	9.248958333
11111120	2018	3	24	9.678125
11111120	2018	3	25	10.434375
11111120	2018	3	26	9.43125
11111120	2018	3	27	9.179166667
11111120	2018	3	28	9.113541667
11111120	2018	3	29	9.319791667
11111120	2018	3	30	9.759375
11111120	2018	3	31	9.234375
11111120	2018	4	1	9.092708333
11111120	2018	4	2	9.092708333
11111120	2018	4	3	9.108695652
11111120	2018	4	4	9.54375
11111120	2018	4	5	9.334375
11111120	2018	4	6	9.416666667
11111120	2018	4	7	10.28125
11111120	2018	4	8	9.441666667
11111120	2018	4	9	9.129166667
11111120	2018	4	10	9.040625
11111120	2018	4	11	9.036458333
11111120	2018	4	12	9.089583333
11111120	2018	4	13	9.2
11111120	2018	4	14	9.31875
11111120	2018	4	15	10.69791667
11111120	2018	4	16	10.20104167
11111120	2018	4	17	9.28125
11111120	2018	4	18	9.119791667
11111120	2018	4	19	9.155208333
11111120	2018	4	20	9.247916667
11111120	2018	4	21	9.370526316
11111120	2018	4	22	9.530681818
11111120	2018	4	23	10.065625
11111120	2018	4	24	10.628125
11111120	2018	4	25	9.728125
11111120	2018	4	26	9.515625
11111120	2018	4	27	9.528125
11111120	2018	4	28	9.541666667
11111120	2018	4	29	9.684375
11111120	2018	4	30	9.85625
11111120	2018	5	1	10.0875
11111120	2018	5	2	10.33645833
11111120	2018	5	3	10.71864407
11111120	2018	5	4	
11111120	2018	5	5	
11111120	2018	5	6	
11111120	2018	5	7	
11111120	2018	5	8	
11111120	2018	5	9	
11111120	2018	5	10	
11111120	2018	5	11	
11111120	2018	5	12	
11111120	2018	5	13	
11111120	2018	5	14	
11111120	2018	5	15	
11111120	2018	5	16	
11111120	2018	5	17	
11111120	2018	5	18	
11111120	2018	5	19	
11111120	2018	5	20	
11111120	2018	5	21	
11111120	2018	5	22	
11111120	2018	5	23	
11111120	2018	5	24	
11111120	2018	5	25	
11111120	2018	5	26	
11111120	2018	5	27	
11111120	2018	5	28	
11111120	2018	5	29	
11111120	2018	5	30	
11111120	2018	5	31	
11111120	2018	6	1	
11111120	2018	6	2	
11111120	2018	6	3	
11111120	2018	6	4	
11111120	2018	6	5	
11111120	2018	6	6	
11111120	2018	6	7	
11111120	2018	6	8	
11111120	2018	6	9	
11111120	2018	6	10	
11111120	2018	6	11	
11111120	2018	6	12	
11111120	2018	6	13	
11111120	2018	6	14	
11111120	2018	6	15	
11111120	2018	6	16	
11111120	2018	6	17	
11111120	2018	6	18	
11111120	2018	6	19	
11111120	2018	6	20	
11111120	2018	6	21	
11111120	2018	6	22	
11111120	2018	6	23	
11111120	2018	6	24	
11111120	2018	6	25	
11111120	2018	6	26	
11111120	2018	6	27	
11111120	2018	6	28	
11111120	2018	6	29	
11111120	2018	6	30	
11111120	2018	7	1	
11111120	2018	7	2	
11111120	2018	7	3	
11111120	2018	7	4	
11111120	2018	7	5	
11111120	2018	7	6	
11111120	2018	7	7	
11111120	2018	7	8	
11111120	2018	7	9	
11111120	2018	7	10	
11111120	2018	7	11	
11111120	2018	7	12	
11111120	2018	7	13	
11111120	2018	7	14	
11111120	2018	7	15	
11111120	2018	7	16	
11111120	2018	7	17	
11111120	2018	7	18	
11111120	2018	7	19	
11111120	2018	7	20	
11111120	2018	7	21	
11111120	2018	7	22	
11111120	2018	7	23	
11111120	2018	7	24	
11111120	2018	7	25	
11111120	2018	7	26	
11111120	2018	7	27	
11111120	2018	7	28	
11111120	2018	7	29	
11111120	2018	7	30	
11111120	2018	7	31	
11111120	2018	8	1	
11111120	2018	8	2	
11111120	2018	8	3	
11111120	2018	8	4	
11111120	2018	8	5	
11111120	2018	8	6	
11111120	2018	8	7	
11111120	2018	8	8	
11111120	2018	8	9	
11111120	2018	8	10	
11111120	2018	8	11	
11111120	2018	8	12	
11111120	2018	8	13	
11111120	2018	8	14	
11111120	2018	8	15	
11111120	2018	8	16	
11111120	2018	8	17	
11111120	2018	8	18	
11111120	2018	8	19	
11111120	2018	8	20	
11111120	2018	8	21	
11111120	2018	8	22	
11111120	2018	8	23	
11111120	2018	8	24	
11111120	2018	8	25	
11111120	2018	8	26	
11111120	2018	8	27	
11111120	2018	8	28	
11111120	2018	8	29	
11111120	2018	8	30	
11111120	2018	8	31	
11111120	2018	9	1	
11111120	2018	9	2	
11111120	2018	9	3	
11111120	2018	9	4	
11111120	2018	9	5	
11111120	2018	9	6	
11111120	2018	9	7	
11111120	2018	9	8	
11111120	2018	9	9	
11111120	2018	9	10	
11111120	2018	9	11	
11111120	2018	9	12	
11111120	2018	9	13	
11111120	2018	9	14	
11111120	2018	9	15	
11111120	2018	9	16	12
11111120	2018	9	17	
11111120	2018	9	18	
11111120	2018	9	19	
11111120	2018	9	20	
11111120	2018	9	21	
11111120	2018	9	22	
11111120	2018	9	23	
11111120	2018	9	24	
11111120	2018	9	25	
11111120	2018	9	26	
11111120	2018	9	27	
11111120	2018	9	28	
11111120	2018	9	29	
11111120	2018	9	30	
11111120	2018	10	1	
11111120	2018	10	2	
11111120	2018	10	3	
11111120	2018	10	4	
11111120	2018	10	5	
11111120	2018	10	6	
11111120	2018	10	7	
11111120	2018	10	8	
11111120	2018	10	9	
11111120	2018	10	10	
11111120	2018	10	11	
11111120	2018	10	12	
11111120	2018	10	13	
11111120	2018	10	14	
11111120	2018	10	15	
11111120	2018	10	16	
11111120	2018	10	17	
11111120	2018	10	18	
11111120	2018	10	19	
11111120	2018	10	20	
11111120	2018	10	21	
11111120	2018	10	22	
11111120	2018	10	23	
11111120	2018	10	24	
11111120	2018	10	25	
11111120	2018	10	26	
11111120	2018	10	27	
11111120	2018	10	28	
11111120	2018	10	29	
11111120	2018	10	30	
11111120	2018	10	31	
11111120	2018	11	1	
11111120	2018	11	2	
11111120	2018	11	3	
11111120	2018	11	4	
11111120	2018	11	5	
11111120	2018	11	6	
11111120	2018	11	7	
11111120	2018	11	8	
11111120	2018	11	9	
11111120	2018	11	10	
11111120	2018	11	11	
11111120	2018	11	12	
11111120	2018	11	13	
11111120	2018	11	14	
11111120	2018	11	15	
11111120	2018	11	16	
11111120	2018	11	17	
11111120	2018	11	18	
11111120	2018	11	19	
11111120	2018	11	20	
11111120	2018	11	21	
11111120	2018	11	22	
11111120	2018	11	23	
11111120	2018	11	24	
11111120	2018	11	25	
11111120	2018	11	26	
11111120	2018	11	27	
11111120	2018	11	28	
11111120	2018	11	29	
11111120	2018	11	30	
11111120	2018	12	1	
11111120	2018	12	2	
11111120	2018	12	3	
11111120	2018	12	4	
11111120	2018	12	5	
11111120	2018	12	6	
11111120	2018	12	7	
11111120	2018	12	8	
11111120	2018	12	9	
11111120	2018	12	10	
11111120	2018	12	11	
11111120	2018	12	12	
11111120	2018	12	13	
11111120	2018	12	14	
11111120	2018	12	15	
11111120	2018	12	16	
11111120	2018	12	17	
11111120	2018	12	18	
11111120	2018	12	19	
11111120	2018	12	20	
11111120	2018	12	21	
11111120	2018	12	22	
11111120	2018	12	23	
11111120	2018	12	24	
11111120	2018	12	25	
11111120	2018	12	26	
11111120	2018	12	27	
11111120	2018	12	28	
11111120	2018	12	29	
11111120	2018	12	30	
11111120	2018	12	31	
11111120	2019	1	1	
11111120	2019	1	2	
11111120	2019	1	3	
11111120	2019	1	4	
11111120	2019	1	5	
11111120	2019	1	6	
11111120	2019	1	7	
11111120	2019	1	8	
11111120	2019	1	9	
11111120	2019	1	10	
11111120	2019	1	11	
11111120	2019	1	12	
11111120	2019	1	13	
11111120	2019	1	14	
11111120	2019	1	15	
11111120	2019	1	16	
11111120	2019	1	17	
11111120	2019	1	18	
11111120	2019	1	19	
11111120	2019	1	20	
11111120	2019	1	21	
11111120	2019	1	22	4.216666667
11111120	2019	1	23	4.434375
11111120	2019	1	24	5.165625
11111120	2019	1	25	4.341666667
11111120	2019	1	26	4.254166667
11111120	2019	1	27	4.25
11111120	2019	1	28	4.283333333
11111120	2019	1	29	4.4375
11111120	2019	1	30	4.559375
11111120	2019	1	31	4.665625
11111120	2019	2	1	4.861458333
11111120	2019	2	2	4.957291667
11111120	2019	2	3	4.879166667
11111120	2019	2	4	4.938541667
11111120	2019	2	5	4.907291667
11111120	2019	2	6	5.295833333
11111120	2019	2	7	5.982291667
11111120	2019	2	8	5.820212766
11111120	2019	2	9	5.19375
11111120	2019	2	10	4.992708333
11111120	2019	2	11	5.104166667
11111120	2019	2	12	6.333333333
11111120	2019	2	13	5.440625
11111120	2019	2	14	4.567708333
11111120	2019	2	15	4.384375
11111120	2019	2	16	4.504166667
11111120	2019	2	17	4.928125
11111120	2019	2	18	4.828125
11111120	2019	2	19	4.280208333
11111120	2019	2	20	4.823958333
11111120	2019	2	21	4.310416667
11111120	2019	2	22	4.189583333
11111120	2019	2	23	4.898958333
11111120	2019	2	24	4.427659574
11111120	2019	2	25	4.25625
11111120	2019	2	26	4.25
11111120	2019	2	27	4.321875
11111120	2019	2	28	4.515625
11111120	2019	3	1	4.726041667
11111120	2019	3	2	4.722916667
11111120	2019	3	3	5.038043478
11111120	2019	3	4	3.718918919
11111120	2019	3	5	4.401041667
11111120	2019	3	6	4.442708333
11111120	2019	3	7	4.575384615
11111120	2019	3	8	1.411111111
11111120	2019	3	9	1.559782609
11111120	2019	3	10	
11111120	2019	3	11	
11111120	2019	3	12	0.755
11111120	2019	3	13	1.01875
11111120	2019	3	14	1.145833333
11111120	2019	3	15	1.370833333
11111120	2019	3	16	1.311458333
11111120	2019	3	17	1.36875
11111120	2019	3	18	1.388541667
11111120	2019	3	19	1.408333333
11111120	2019	3	20	1.433333333
11111120	2019	3	21	1.535483871
11111120	2019	3	22	3.98172043
11111120	2019	3	23	7.35
11111120	2019	3	24	7.407291667
11111120	2019	3	25	7.646875
11111120	2019	3	26	7.66875
11111120	2019	3	27	7.532291667
11111120	2019	3	28	7.558333333
11111120	2019	3	29	7.529166667
11111120	2019	3	30	7.453125
11111120	2019	3	31	8.03125
11111120	2019	4	1	7.60989011
11111120	2019	4	2	7.553684211
11111120	2019	4	3	7.510526316
11111120	2019	4	4	7.469767442
11111120	2019	4	5	7.615625
11111120	2019	4	6	7.361458333
11111120	2019	4	7	7.33125
11111120	2019	4	8	8.401041667
11111120	2019	4	9	8.267708333
11111120	2019	4	10	7.320833333
11111120	2019	4	11	7.010416667
11111120	2019	4	12	7.0625
11111120	2019	4	13	7.1625
11111120	2019	4	14	7.347916667
11111120	2019	4	15	7.207368421
11111120	2019	4	16	7.273958333
11111120	2019	4	17	7.30625
11111120	2019	4	18	7.423404255
11111120	2019	4	19	8.444791667
11111120	2019	4	20	8.069473684
11111120	2019	4	21	7.501041667
11111120	2019	4	22	7.394791667
11111120	2019	4	23	7.417708333
11111120	2019	4	24	7.497916667
11111120	2019	4	25	7.734375
11111120	2019	4	26	7.90625
11111120	2019	4	27	7.917708333
11111120	2019	4	28	8.148958333
11111120	2019	4	29	8.346875
11111120	2019	4	30	8.503125
11111120	2019	5	1	7.341666667
11111120	2019	5	2	3.927083333
11111120	2019	5	3	3.961052632
11111120	2019	5	4	4.139583333
11111120	2019	5	5	4.266666667
11111120	2019	5	6	4.010526316
11111120	2019	5	7	4.205208333
11111120	2019	5	8	4.311458333
11111120	2019	5	9	4.464583333
11111120	2019	5	10	4.538541667
11111120	2019	5	11	5.840625
11111120	2019	5	12	5.463541667
11111120	2019	5	13	3.694791667
11111120	2019	5	14	3.177083333
11111120	2019	5	15	3.21875
11111120	2019	5	16	3.472340426
11111120	2019	5	17	4.234375
11111120	2019	5	18	4.116666667
11111120	2019	5	19	4.351041667
11111120	2019	5	20	4.544791667
11111120	2019	5	21	4.813541667
11111120	2019	5	22	4.9375
11111120	2019	5	23	5.070833333
11111120	2019	5	24	5.209375
11111120	2019	5	25	5.285416667
11111120	2019	5	26	5.4125
11111120	2019	5	27	5.452083333
11111120	2019	5	28	5.482291667
11111120	2019	5	29	5.582291667
11111120	2019	5	30	5.571276596
11111120	2019	5	31	5.579166667
11111120	2019	6	1	5.56875
11111120	2019	6	2	5.5375
11111120	2019	6	3	5.491666667
11111120	2019	6	4	5.43125
11111120	2019	6	5	6.454166667
11111120	2019	6	6	6.142708333
11111120	2019	6	7	6.457291667
11111120	2019	6	8	6.136458333
11111120	2019	6	9	5.771875
11111120	2019	6	10	5.884375
11111120	2019	6	11	5.584375
11111120	2019	6	12	5.482291667
11111120	2019	6	13	6.042307692
11111120	2019	6	14	
11111120	2019	6	15	
11111120	2019	6	16	
11111120	2019	6	17	6.525925926
11111120	2019	6	18	5.87032967
11111120	2019	6	19	6.442708333
11111120	2019	6	20	6.665625
11111120	2019	6	21	5.775
11111120	2019	6	22	6.688541667
11111120	2019	6	23	6.560416667
11111120	2019	6	24	6.2
11111120	2019	6	25	5.572413793
11111120	2019	6	26	4.159139785
11111120	2019	6	27	4.35
11111120	2019	6	28	5.145833333
11111120	2019	6	29	5.407291667
11111120	2019	6	30	5.573958333
11111120	2019	7	1	5.708333333
11111120	2019	7	2	5.803125
11111120	2019	7	3	5.680851064
11111120	2019	7	4	5.947916667
11111120	2019	7	5	5.910752688
11111120	2019	7	6	5.929166667
11111120	2019	7	7	6.373958333
11111120	2019	7	8	6.003125
11111120	2019	7	9	6.017708333
11111120	2019	7	10	5.979166667
11111120	2019	7	11	6.042708333
11111120	2019	7	12	8.53125
11111120	2019	7	13	6.388541667
11111120	2019	7	14	7.994791667
11111120	2019	7	15	6.860416667
11111120	2019	7	16	6.203125
11111120	2019	7	17	7.148958333
11111120	2019	7	18	6.648958333
11111120	2019	7	19	6.20625
11111120	2019	7	20	6.420833333
11111120	2019	7	21	6.177083333
11111120	2019	7	22	7.342708333
11111120	2019	7	23	8.75483871
11111120	2019	7	24	5.765263158
11111120	2019	7	25	5.316666667
11111120	2019	7	26	5.591666667
11111120	2019	7	27	5.834375
11111120	2019	7	28	5.90625
11111120	2019	7	29	5.898947368
11111120	2019	7	30	5.916666667
11111120	2019	7	31	6.260416667
11111120	2019	8	1	5.955319149
11111120	2019	8	2	5.898958333
11111120	2019	8	3	5.917708333
11111120	2019	8	4	6.775
11111120	2019	8	5	6.119791667
11111120	2019	8	6	6.025
11111120	2019	8	7	5.844791667
11111120	2019	8	8	5.8375
11111120	2019	8	9	5.813636364
11111120	2019	8	10	6.017708333
11111120	2019	8	11	6.053125
11111120	2019	8	12	5.855208333
11111120	2019	8	13	7.466666667
11111120	2019	8	14	6.416666667
11111120	2019	8	15	6.20625
11111120	2019	8	16	6.110416667
11111120	2019	8	17	6.066315789
11111120	2019	8	18	6
11111120	2019	8	19	5.982291667
11111120	2019	8	20	6.0125
11111120	2019	8	21	5.988541667
11111120	2019	8	22	6.246987952
11111120	2019	8	23	9.175531915
11111120	2019	8	24	7.730208333
11111120	2019	8	25	6.522916667
11111120	2019	8	26	6.329166667
11111120	2019	8	27	6.463541667
11111120	2019	8	28	8.339583333
11111120	2019	8	29	6.589583333
11111120	2019	8	30	6.246875
11111120	2019	8	31	6.158333333
11111120	2019	9	1	6.085416667
11111120	2019	9	2	5.960416667
11111120	2019	9	3	5.957291667
11111120	2019	9	4	5.883333333
11111120	2019	9	5	5.714583333
11111120	2019	9	6	5.541666667
11111120	2019	9	7	5.653125
11111120	2019	9	8	5.614583333
11111120	2019	9	9	5.586458333
11111120	2019	9	10	5.586458333
11111120	2019	9	11	5.505208333
11111120	2019	9	12	5.471875
11111120	2019	9	13	5.410416667
11111120	2019	9	14	5.455208333
11111120	2019	9	15	5.395833333
11111120	2019	9	16	5.732291667
11111120	2019	9	17	5.521875
11111120	2019	9	18	5.338271605
11111120	2019	9	19	5.195789474
11111120	2019	9	20	5.048421053
11111120	2019	9	21	5.196875
11111120	2019	9	22	5.165625
11111120	2019	9	23	5.028125
11111120	2019	9	24	4.992708333
11111120	2019	9	25	4.920833333
11111120	2019	9	26	5.042708333
11111120	2019	9	27	4.916666667
11111120	2019	9	28	5.075
11111120	2019	9	29	5.014583333
11111120	2019	9	30	5.057291667
11111120	2019	10	1	4.790697674
11111120	2019	10	2	4.673958333
11111120	2019	10	3	4.439583333
11111120	2019	10	4	4.625806452
11111120	2019	10	5	3.964583333
11111120	2019	10	6	4.703125
11111120	2019	10	7	4.201041667
11111120	2019	10	8	3.932291667
11111120	2019	10	9	4.160416667
11111120	2019	10	10	4.170833333
11111120	2019	10	11	4.05
11111120	2019	10	12	3.936458333
11111120	2019	10	13	4.292708333
11111120	2019	10	14	4.128125
11111120	2019	10	15	4.153125
11111120	2019	10	16	5.534375
11111120	2019	10	17	3.781666667
11111120	2019	10	18	
11111120	2019	10	19	
11111120	2019	10	20	
11111120	2019	10	21	
11111120	2019	10	22	
11111120	2019	10	23	
11111120	2019	10	24	
11111120	2019	10	25	
11111120	2019	10	26	
11111120	2019	10	27	
11111120	2019	10	28	
11111120	2019	10	29	
11111120	2019	10	30	
11111120	2019	10	31	
11111120	2019	11	1	
11111120	2019	11	2	
11111120	2019	11	3	
11111120	2019	11	4	
11111120	2019	11	5	
11111120	2019	11	6	
11111120	2019	11	7	
11111120	2019	11	8	
11111120	2019	11	9	
11111120	2019	11	10	
11111120	2019	11	11	
11111120	2019	11	12	
11111120	2019	11	13	
11111120	2019	11	14	
11111120	2019	11	15	
11111120	2019	11	16	
11111120	2019	11	17	
11111120	2019	11	18	
11111120	2019	11	19	
11111120	2019	11	20	
11111120	2019	11	21	
11111120	2019	11	22	
11111120	2019	11	23	
11111120	2019	11	24	
11111120	2019	11	25	
11111120	2019	11	26	
11111120	2019	11	27	
11111120	2019	11	28	
11111120	2019	11	29	
11111120	2019	11	30	
11111120	2019	12	1	
11111120	2019	12	2	
11111120	2019	12	3	
11111120	2019	12	4	
11111120	2019	12	5	
11111120	2019	12	6	2.518181818
11111120	2019	12	7	2.686458333
11111120	2019	12	8	2.789583333
11111120	2019	12	9	2.790625
11111120	2019	12	10	3.048958333
11111120	2019	12	11	3.282291667
11111120	2019	12	12	2.936458333
11111120	2019	12	13	2.743678161
11111120	2019	12	14	2.915625
11111120	2019	12	15	2.535416667
11111120	2019	12	16	2.235416667
11111120	2019	12	17	2.78125
11111120	2019	12	18	2.405208333
11111120	2019	12	19	2.130208333
11111120	2019	12	20	2.0125
11111120	2019	12	21	1.940625
11111120	2019	12	22	2.085416667
11111120	2019	12	23	3.552083333
11111120	2019	12	24	2.460416667
11111120	2019	12	25	1.771875
11111120	2019	12	26	1.7
11111120	2019	12	27	1.684375
11111120	2019	12	28	1.673958333
11111120	2019	12	29	1.773958333
11111120	2019	12	30	2.396875
11111120	2019	12	31	2.147916667
11111120	2020	1	1	1.942708333
11111120	2020	1	2	1.947916667
11111120	2020	1	3	3.364583333
11111120	2020	1	4	1.760416667
11111120	2020	1	5	1.492708333
11111120	2020	1	6	1.453125
11111120	2020	1	7	1.634375
11111120	2020	1	8	1.586458333
11111120	2020	1	9	14.75824176
11111120	2020	1	10	
11111120	2020	1	11	
11111120	2020	1	12	
11111120	2020	1	13	
11111120	2020	1	14	
11111120	2020	1	15	
11111120	2020	1	16	
11111120	2020	1	17	
11111120	2020	1	18	
11111120	2020	1	19	
11111120	2020	1	20	
11111120	2020	1	21	
11111120	2020	1	22	1.4125
11111120	2020	1	23	1.404166667
11111120	2020	1	24	2.2125
11111120	2020	1	25	1.64375
11111120	2020	1	26	1.110416667
11111120	2020	1	27	1.148958333
11111120	2020	1	28	1.25625
11111120	2020	1	29	1.317567568
11111120	2020	1	30	1.398958333
11111120	2020	1	31	1.428125
11111120	2020	2	1	1.592708333
11111120	2020	2	2	1.696875
11111120	2020	2	3	1.69375
11111120	2020	2	4	2.054166667
11111120	2020	2	5	3.285263158
11111120	2020	2	6	2.090526316
11111120	2020	2	7	1.025
11111120	2020	2	8	0.991666667
11111120	2020	2	9	1.036458333
11111120	2020	2	10	1.263541667
11111120	2020	2	11	1.377659574
11111120	2020	2	12	3.020833333
11111120	2020	2	13	3.216666667
11111120	2020	2	14	2.895833333
11111120	2020	2	15	2.973958333
11111120	2020	2	16	3.028125
11111120	2020	2	17	3.122916667
11111120	2020	2	18	3.385416667
11111120	2020	2	19	3.492708333
11111120	2020	2	20	3.508333333
11111120	2020	2	21	3.324731183
11111120	2020	2	22	3.155208333
11111120	2020	2	23	3.086458333
11111120	2020	2	24	3.155208333
11111120	2020	2	25	3.3625
11111120	2020	2	26	3.029166667
11111120	2020	2	27	2.9625
11111120	2020	2	28	2.972916667
11111120	2020	2	29	3.026041667
11111120	2020	3	1	3.0375
11111120	2020	3	2	3.459375
11111120	2020	3	3	4.083333333
11111120	2020	3	4	4.749462366
11111120	2020	3	5	14.378125
11111120	2020	3	6	14.38229167
11111120	2020	3	7	14.490625
11111120	2020	3	8	14.59479167
11111120	2020	3	9	14.61354167
11111120	2020	3	10	14.84270833
11111120	2020	3	11	14.8875
11111120	2020	3	12	14.79479167
11111120	2020	3	13	15.06354167
11111120	2020	3	14	14.865625
11111120	2020	3	15	14.96666667
11111120	2020	3	16	14.76145833
11111120	2020	3	17	14.94375
11111120	2020	3	18	14.734375
11111120	2020	3	19	14.85729167
11111120	2020	3	20	14.63333333
11111120	2020	3	21	14.79791667
11111120	2020	3	22	14.14791667
11111120	2020	3	23	14.34583333
11111120	2020	3	24	14.21458333
11111120	2020	3	25	14.24791667
11111120	2020	3	26	13.87916667
11111120	2020	3	27	13.871875
11111120	2020	3	28	13.94375
11111120	2020	3	29	14.25625
11111120	2020	3	30	14.15833333
11111120	2020	3	31	14.328125
11111120	2020	4	1	14.278125
11111120	2020	4	2	14.08541667
11111120	2020	4	3	14.04375
11111120	2020	4	4	14.03333333
11111120	2020	4	5	14.04375
11111120	2020	4	6	14.140625
11111120	2020	4	7	14.2125
11111120	2020	4	8	14.28854167
11111120	2020	4	9	14.484375
11111120	2020	4	10	14.47916667
11111120	2020	4	11	14.61770833
11111120	2020	4	12	15.16041667
11111120	2020	4	13	16.10744681
11111120	2020	4	14	13.98645833
11111120	2020	4	15	13.85833333
11111120	2020	4	16	13.925
11111120	2020	4	17	14.021875
11111120	2020	4	18	14.16770833
11111120	2020	4	19	14.22210526
11111120	2020	4	20	14.48125
11111120	2020	4	21	14.20625
11111120	2020	4	22	14.16354167
11111120	2020	4	23	14.39791667
11111120	2020	4	24	14.45208333
11111120	2020	4	25	14.22291667
11111120	2020	4	26	14.28541667
11111120	2020	4	27	14.34166667
11111120	2020	4	28	14.30208333
11111120	2020	4	29	14.59270833
11111120	2020	4	30	14.678125
11111120	2020	5	1	14.659375
11111120	2020	5	2	14.66666667
11111120	2020	5	3	14.76145833
11111120	2020	5	4	14.83229167
11111120	2020	5	5	15.003125
11111120	2020	5	6	15.14166667
11111120	2020	5	7	15.30104167
11111120	2020	5	8	15.70416667
11111120	2020	5	9	15.48854167
11111120	2020	5	10	15.52291667
11111120	2020	5	11	15.50520833
11111120	2020	5	12	15.48854167
11111120	2020	5	13	15.56770833
11111120	2020	5	14	15.75
11111120	2020	5	15	15.715625
11111120	2020	5	16	15.809375
11111120	2020	5	17	15.87916667
11111120	2020	5	18	16.33333333
11111120	2020	5	19	16.68125
11111120	2020	5	20	16.46354167
11111120	2020	5	21	14.95520833
11111120	2020	5	22	15.121875
11111120	2020	5	23	14.8125
11111120	2020	5	24	14.60625
11111120	2020	5	25	14.68541667
11111120	2020	5	26	14.91875
11111120	2020	5	27	10.97634409
11111120	2020	5	28	2.935416667
11111120	2020	5	29	2.95
11111120	2020	5	30	3.186458333
11111120	2020	5	31	3.336458333
11111120	2020	6	1	3.49375
11111120	2020	6	2	3.552083333
11111120	2020	6	3	3.5625
11111120	2020	6	4	3.641666667
11111120	2020	6	5	4.271578947
11111120	2020	6	6	3.790625
11111120	2020	6	7	3.853125
11111120	2020	6	8	3.922916667
11111120	2020	6	9	4.269791667
11111120	2020	6	10	3.917708333
11111120	2020	6	11	4.411458333
11111120	2020	6	12	4.15
11111120	2020	6	13	4.101041667
11111120	2020	6	14	4.123958333
11111120	2020	6	15	4.36875
11111120	2020	6	16	4.136458333
11111120	2020	6	17	3.9375
11111120	2020	6	18	3.948958333
11111120	2020	6	19	4.326041667
11111120	2020	6	20	4.214583333
11111120	2020	6	21	3.941666667
11111120	2020	6	22	5.509411765
11111120	2020	6	23	7.729166667
11111120	2020	6	24	7.430208333
11111120	2020	6	25	7.382291667
11111120	2020	6	26	7.476041667
11111120	2020	6	27	7.386458333
11111120	2020	6	28	7.969791667
11111120	2020	6	29	7.5375
11111120	2020	6	30	8.064583333
11111120	2020	7	1	7.788541667
11111120	2020	7	2	7.680208333
11111120	2020	7	3	7.765625
11111120	2020	7	4	7.772916667
11111120	2020	7	5	8.154166667
11111120	2020	7	6	7.733333333
11111120	2020	7	7	7.755208333
11111120	2020	7	8	7.682105263
11111120	2020	7	9	7.709375
11111120	2020	7	10	8.089583333
11111120	2020	7	11	7.848958333
11111120	2020	7	12	7.75
11111120	2020	7	13	7.926041667
11111120	2020	7	14	8.132291667
11111120	2020	7	15	7.9125
11111120	2020	7	16	7.8875
11111120	2020	7	17	7.90625
11111120	2020	7	18	8.076041667
11111120	2020	7	19	8.110416667
11111120	2020	7	20	7.986458333
11111120	2020	7	21	7.967708333
11111120	2020	7	22	7.909375
11111120	2020	7	23	9.413541667
11111120	2020	7	24	7.985416667
11111120	2020	7	25	7.813541667
11111120	2020	7	26	8.692708333
11111120	2020	7	27	7.223404255
11111120	2020	7	28	4.728125
11111120	2020	7	29	4.475
11111120	2020	7	30	5.259375
11111120	2020	7	31	6.538541667
11111120	2020	8	1	5.514583333
11111120	2020	8	2	5.029166667
11111120	2020	8	3	4.98125
11111120	2020	8	4	4.752083333
11111120	2020	8	5	4.692708333
11111120	2020	8	6	4.811458333
11111120	2020	8	7	4.758333333
11111120	2020	8	8	4.938541667
11111120	2020	8	9	5.096875
11111120	2020	8	10	5.465625
11111120	2020	8	11	4.921875
11111120	2020	8	12	5.05
11111120	2020	8	13	5.301041667
11111120	2020	8	14	4.828421053
11111120	2020	8	15	5.203125
11111120	2020	8	16	5.734375
11111120	2020	8	17	5.040625
11111120	2020	8	18	5.065625
11111120	2020	8	19	4.909677419
11111120	2020	8	20	4.827083333
11111120	2020	8	21	4.616666667
11111120	2020	8	22	5.505208333
11111120	2020	8	23	4.989583333
11111120	2020	8	24	6.207291667
11111120	2020	8	25	5.203125
11111120	2020	8	26	4.852083333
11111120	2020	8	27	4.909375
11111120	2020	8	28	4.775
11111120	2020	8	29	5.520833333
11111120	2020	8	30	5.020833333
11111120	2020	8	31	4.932291667
11111120	2020	9	1	5.001041667
11111120	2020	9	2	4.803125
11111120	2020	9	3	4.930208333
11111120	2020	9	4	4.839583333
11111120	2020	9	5	4.936458333
11111120	2020	9	6	4.952083333
11111120	2020	9	7	4.915625
11111120	2020	9	8	4.833333333
11111120	2020	9	9	4.732291667
11111120	2020	9	10	4.717708333
11111120	2020	9	11	4.663541667
11111120	2020	9	12	5.305208333
11111120	2020	9	13	4.288541667
11111120	2020	9	14	4.1125
11111120	2020	9	15	4.1625
11111120	2020	9	16	4.21875
11111120	2020	9	17	4.042708333
11111120	2020	9	18	3.902083333
11111120	2020	9	19	4.022916667
11111120	2020	9	20	4.1625
11111120	2020	9	21	4.067708333
11111120	2020	9	22	4.118947368
11111120	2020	9	23	4.069791667
11111120	2020	9	24	4.232291667
11111120	2020	9	25	8.951111111
11111120	2020	9	26	4.636458333
11111120	2020	9	27	3.995833333
11111120	2020	9	28	3.723958333
11111120	2020	9	29	6.123958333
11111120	2020	9	30	4.395833333
11111120	2020	10	1	4.029166667
11111120	2020	10	2	3.813541667
11111120	2020	10	3	3.579166667
11111120	2020	10	4	3.360416667
11111120	2020	10	5	3.045833333
11111120	2020	10	6	2.888541667
11111120	2020	10	7	2.730208333
11111120	2020	10	8	2.604166667
11111120	2020	10	9	2.5
11111120	2020	10	10	2.989583333
11111120	2020	10	11	4.058333333
11111120	2020	10	12	2.363541667
11111120	2020	10	13	1.735416667
11111120	2020	10	14	1.515625
11111120	2020	10	15	1.3
11111120	2020	10	16	1.184375
11111120	2020	10	17	1.282291667
11111120	2020	10	18	1.457291667
11111120	2020	10	19	1.748958333
11111120	2020	10	20	1.770833333
11111120	2020	10	21	1.852083333
11111120	2020	10	22	1.678125
11111120	2020	10	23	1.535416667
11111120	2020	10	24	2.110416667
11111120	2020	10	25	1.867708333
11111120	2020	10	26	1.620833333
11111120	2020	10	27	1.71875
11111120	2020	10	28	3.978125
11111120	2020	10	29	5.93125
11111120	2020	10	30	3.161458333
11111120	2020	10	31	2.309375
11111120	2020	11	1	2.309375
11111120	2020	11	2	2.284375
11111120	2020	11	3	2.308333333
11111120	2020	11	4	2.241666667
11111120	2020	11	5	2.14375
11111120	2020	11	6	2.1125
11111120	2020	11	7	1.985263158
11111120	2020	11	8	1.863541667
11111120	2020	11	9	1.80106383
11111120	2020	11	10	1.741666667
11111120	2020	11	11	2.557291667
11111120	2020	11	12	3.946875
11111120	2020	11	13	2.048958333
11111120	2020	11	14	1.634375
11111120	2020	11	15	1.60625
11111120	2020	11	16	1.539583333
11111120	2020	11	17	1.686458333
11111120	2020	11	18	1.761458333
11111120	2020	11	19	1.821875
11111120	2020	11	20	1.844791667
11111120	2020	11	21	1.803125
11111120	2020	11	22	1.777083333
11111120	2020	11	23	1.859375
11111120	2020	11	24	1.825
11111120	2020	11	25	1.886458333
11111120	2020	11	26	1.938541667
11111120	2020	11	27	1.863541667
11111120	2020	11	28	1.861458333
11111120	2020	11	29	1.909375
11111120	2020	11	30	2.471875
11111120	2020	12	1	2.302083333
11111120	2020	12	2	2.23125
11111120	2020	12	3	2.2125
11111120	2020	12	4	2.604166667
11111120	2020	12	5	2.705208333
11111120	2020	12	6	2.228125
11111120	2020	12	7	2.108333333
11111120	2020	12	8	2.097916667
11111120	2020	12	9	2.147311828
11111120	2020	12	10	2.1125
11111120	2020	12	11	2.136458333
11111120	2020	12	12	2.322916667
11111120	2020	12	13	2.367708333
11111120	2020	12	14	4.002083333
11111120	2020	12	15	3.285416667
11111120	2020	12	16	2.866666667
11111120	2020	12	17	2.634375
11111120	2020	12	18	2.31875
11111120	2020	12	19	2.205208333
11111120	2020	12	20	2.169791667
11111120	2020	12	21	2.147916667
11111120	2020	12	22	2.210416667
11111120	2020	12	23	2.353125
11111120	2020	12	24	3.978125
11111120	2020	12	25	4.265625
11111120	2020	12	26	3.1125
11111120	2020	12	27	2.572916667
11111120	2020	12	28	2.474444444
11111120	2020	12	29	2.2375
11111120	2020	12	30	2.277083333
11111120	2020	12	31	2.439583333
11111120	2021	1	1	2.746875
11111120	2021	1	2	2.64375
11111120	2021	1	3	2.689583333
11111120	2021	1	4	2.7125
11111120	2021	1	5	2.735416667
11111120	2021	1	6	2.746875
11111120	2021	1	7	2.819791667
11111120	2021	1	8	3.188541667
11111120	2021	1	9	3.091666667
11111120	2021	1	10	3.019791667
11111120	2021	1	11	3.136458333
11111120	2021	1	12	3.0375
11111120	2021	1	13	2.974193548
11111120	2021	1	14	2.860416667
11111120	2021	1	15	2.901041667
11111120	2021	1	16	2.869791667
11111120	2021	1	17	2.910416667
11111120	2021	1	18	2.997916667
11111120	2021	1	19	3.029166667
11111120	2021	1	20	3.072916667
11111120	2021	1	21	3.611458333
11111120	2021	1	22	3.28125
11111120	2021	1	23	3.2
11111120	2021	1	24	3.26875
11111120	2021	1	25	4.06875
11111120	2021	1	26	4.213541667
11111120	2021	1	27	3.403125
11111120	2021	1	28	3.145833333
11111120	2021	1	29	2.846875
11111120	2021	1	30	2.785416667
11111120	2021	1	31	3.352083333
11111120	2021	2	1	3.145833333
11111120	2021	2	2	2.961956522
11111120	2021	2	3	2.692708333
11111120	2021	2	4	2.672916667
11111120	2021	2	5	2.969791667
11111120	2021	2	6	2.727368421
11111120	2021	2	7	2.921875
11111120	2021	2	8	2.910416667
11111120	2021	2	9	2.796875
11111120	2021	2	10	2.684375
11111120	2021	2	11	3.251041667
11111120	2021	2	12	3.66875
11111120	2021	2	13	3.396875
11111120	2021	2	14	3.0125
11111120	2021	2	15	2.916666667
11111120	2021	2	16	3.398958333
11111120	2021	2	17	2.970833333
11111120	2021	2	18	4.254166667
11111120	2021	2	19	3.647916667
11111120	2021	2	20	2.733333333
11111120	2021	2	21	2.557291667
11111120	2021	2	22	2.669791667
11111120	2021	2	23	2.519791667
11111120	2021	2	24	2.485416667
11111120	2021	2	25	2.415625
11111120	2021	2	26	2.683333333
11111120	2021	2	27	3.11875
11111120	2021	2	28	2.865263158
11111120	2021	3	1	3.579166667
11111120	2021	3	2	2.851041667
11111120	2021	3	3	2.283333333
11111120	2021	3	4	2.252083333
11111120	2021	3	5	2.283333333
11111120	2021	3	6	2.344791667
11111120	2021	3	7	2.450526316
11111120	2021	3	8	2.530208333
11111120	2021	3	9	2.58125
11111120	2021	3	10	2.592708333
11111120	2021	3	11	2.632291667
11111120	2021	3	12	2.887096774
11111120	2021	3	13	3.051041667
11111120	2021	3	14	2.982291667
11111120	2021	3	15	2.976041667
11111120	2021	3	16	3.159375
11111120	2021	3	17	3.391666667
11111120	2021	3	18	4.947916667
11111120	2021	3	19	2.898958333
11111120	2021	3	20	2.386458333
11111120	2021	3	21	2.352083333
11111120	2021	3	22	2.317894737
11111120	2021	3	23	2.259375
11111120	2021	3	24	2.325
11111120	2021	3	25	3.24375
11111120	2021	3	26	3.713541667
11111120	2021	3	27	2.636458333
11111120	2021	3	28	3.073958333
11111120	2021	3	29	2.396875
11111120	2021	3	30	2.204210526
11111120	2021	3	31	2.529166667
11111120	2021	4	1	2.139583333
11111120	2021	4	2	2.016666667
11111120	2021	4	3	2.080208333
11111120	2021	4	4	2.166666667
11111120	2021	4	5	2.253125
11111120	2021	4	6	2.346875
11111120	2021	4	7	2.421875
11111120	2021	4	8	2.728125
11111120	2021	4	9	2.611458333
11111120	2021	4	10	2.837894737
11111120	2021	4	11	2.83125
11111120	2021	4	12	2.790625
11111120	2021	4	13	2.894680851
11111120	2021	4	14	3.019791667
11111120	2021	4	15	3.105208333
11111120	2021	4	16	3.013541667
11111120	2021	4	17	3.071875
11111120	2021	4	18	3.179166667
11111120	2021	4	19	3.313541667
11111120	2021	4	20	3.285416667
11111120	2021	4	21	3.550847458
11111120	2021	4	22	1.979487179
11111120	2021	4	23	2.347916667
11111120	2021	4	24	3.035416667
11111120	2021	4	25	2.189583333
11111120	2021	4	26	2.088541667
11111120	2021	4	27	2.128125
11111120	2021	4	28	2.20625
11111120	2021	4	29	2.485416667
11111120	2021	4	30	2.419791667
11111120	2021	5	1	2.44375
11111120	2021	5	2	2.49375
11111120	2021	5	3	2.955208333
11111120	2021	5	4	3.585416667
11111120	2021	5	5	1.294791667
11111120	2021	5	6	0.932291667
11111120	2021	5	7	1.028125
11111120	2021	5	8	1.217708333
11111120	2021	5	9	1.3625
11111120	2021	5	10	1.729473684
11111120	2021	5	11	1.230208333
11111120	2021	5	12	1.152083333
11111120	2021	5	13	1.266666667
11111120	2021	5	14	1.523958333
11111120	2021	5	15	1.798958333
11111120	2021	5	16	2.060416667
11111120	2021	5	17	2.284375
11111120	2021	5	18	2.345833333
11111120	2021	5	19	2.416666667
11111120	2021	5	20	2.501041667
11111120	2021	5	21	2.811458333
11111120	2021	5	22	2.595833333
11111120	2021	5	23	2.930208333
11111120	2021	5	24	3.03125
11111120	2021	5	25	3.190625
11111120	2021	5	26	2.838541667
11111120	2021	5	27	2.784375
11111120	2021	5	28	3.297802198
11111120	2021	5	29	1.133333333
11111120	2021	5	30	1.732291667
11111120	2021	5	31	2.322916667
11111120	2021	6	1	2.767708333
11111120	2021	6	2	3.54375
11111120	2021	6	3	2.5875
11111120	2021	6	4	2.283333333
11111120	2021	6	5	2.829166667
11111120	2021	6	6	2.8875
11111120	2021	6	7	2.986458333
11111120	2021	6	8	3.147916667
11111120	2021	6	9	3.352083333
11111120	2021	6	10	3.419791667
11111120	2021	6	11	4.161458333
11111120	2021	6	12	3.865263158
11111120	2021	6	13	3.795833333
11111120	2021	6	14	3.521052632
11111120	2021	6	15	3.782291667
11111120	2021	6	16	3.852083333
11111120	2021	6	17	3.820833333
11111120	2021	6	18	3.844791667
11111120	2021	6	19	3.786458333
11111120	2021	6	20	3.780208333
11111120	2021	6	21	4.37311828
11111120	2021	6	22	5.654166667
11111120	2021	6	23	3.726041667
11111120	2021	6	24	4.070833333
11111120	2021	6	25	4.508333333
11111120	2021	6	26	4.6
11111120	2021	6	27	4.658333333
11111120	2021	6	28	4.823958333
11111120	2021	6	29	4.854166667
11111120	2021	6	30	4.892708333
11111120	2021	7	1	5.002105263
11111120	2021	7	2	6.022916667
11111120	2021	7	3	4.761052632
11111120	2021	7	4	4.596875
11111120	2021	7	5	4.78125
11111120	2021	7	6	4.825
11111120	2021	7	7	5.201041667
11111120	2021	7	8	4.879166667
11111120	2021	7	9	4.9
11111120	2021	7	10	5.221875
11111120	2021	7	11	5.360416667
11111120	2021	7	12	5.619791667
11111120	2021	7	13	4.935416667
11111120	2021	7	14	5.797916667
11111120	2021	7	15	5.130208333
11111120	2021	7	16	4.913541667
11111120	2021	7	17	4.930208333
11111120	2021	7	18	6.058333333
11111120	2021	7	19	5.2125
11111120	2021	7	20	4.757291667
11111120	2021	7	21	3.402083333
11111120	2021	7	22	3.663541667
11111120	2021	7	23	4.172916667
11111120	2021	7	24	4.453125
11111120	2021	7	25	4.555208333
11111120	2021	7	26	4.65
11111120	2021	7	27	4.891666667
11111120	2021	7	28	5.053333333
11111120	2021	7	29	4.794791667
11111120	2021	7	30	5.198958333
11111120	2021	7	31	4.865625
11111120	2021	8	1	5.209375
11111120	2021	8	2	4.89375
11111120	2021	8	3	5.269791667
11111120	2021	8	4	6.677083333
11111120	2021	8	5	5.813684211
11111120	2021	8	6	5.334722222
11111120	2021	8	7	5.203125
11111120	2021	8	8	5.2
11111120	2021	8	9	5.201041667
11111120	2021	8	10	5.540625
11111120	2021	8	11	5.230208333
11111120	2021	8	12	5.236458333
11111120	2021	8	13	5.28125
11111120	2021	8	14	5.31875
11111120	2021	8	15	6.114583333
11111120	2021	8	16	6.1375
11111120	2021	8	17	7.147916667
11111120	2021	8	18	6.195833333
11111120	2021	8	19	6.036904762
11111120	2021	8	20	8.548958333
11111120	2021	8	21	7.608333333
11111120	2021	8	22	8.282291667
11111120	2021	8	23	7.479166667
11111120	2021	8	24	7.33125
11111120	2021	8	25	7.622916667
11111120	2021	8	26	7.69375
11111120	2021	8	27	7.759375
11111120	2021	8	28	7.811458333
11111120	2021	8	29	7.832291667
11111120	2021	8	30	7.789583333
11111120	2021	8	31	10.13854167
11111120	2021	9	1	8.94
11111120	2021	9	2	5.770833333
11111120	2021	9	3	5.602083333
11111120	2021	9	4	5.802083333
11111120	2021	9	5	6.219791667
11111120	2021	9	6	6.429166667
11111120	2021	9	7	6.628125
11111120	2021	9	8	6.759375
11111120	2021	9	9	7.0875
11111120	2021	9	10	6.888541667
11111120	2021	9	11	6.925
11111120	2021	9	12	6.885416667
11111120	2021	9	13	6.902083333
11111120	2021	9	14	6.965625
11111120	2021	9	15	6.936458333
11111120	2021	9	16	6.992708333
11111120	2021	9	17	6.990625
11111120	2021	9	18	7.19375
11111120	2021	9	19	6.871875
11111120	2021	9	20	7.192708333
11111120	2021	9	21	7.511827957
11111120	2021	9	22	5.46875
11111120	2021	9	23	4.146875
11111120	2021	9	24	3.96875
11111120	2021	9	25	3.926041667
11111120	2021	9	26	4.01875
11111120	2021	9	27	3.888541667
11111120	2021	9	28	3.935416667
11111120	2021	9	29	3.775
11111120	2021	9	30	3.664583333
11111120	2021	10	1	3.452083333
11111120	2021	10	2	3.075
11111120	2021	10	3	4.149473684
11111120	2021	10	4	3.4
11111120	2021	10	5	2.859375
11111120	2021	10	6	2.29375
11111120	2021	10	7	2.45625
11111120	2021	10	8	4.219791667
11111120	2021	10	9	2.303125
11111120	2021	10	10	2.071875
11111120	2021	10	11	2.026041667
11111120	2021	10	12	2.091666667
11111120	2021	10	13	2.215625
11111120	2021	10	14	2.111458333
11111120	2021	10	15	2.01875
11111120	2021	10	16	4.940625
11111120	2021	10	17	2.458333333
11111120	2021	10	18	1.727083333
11111120	2021	10	19	1.521875
11111120	2021	10	20	1.722916667
11111120	2021	10	21	1.6875
11111120	2021	10	22	1.666666667
11111120	2021	10	23	1.89375
11111120	2021	10	24	1.840625
11111120	2021	10	25	1.896610169
11111120	2021	10	26	
11111120	2021	10	27	
11111120	2021	10	28	7.133333333
11111120	2021	10	29	6.95
11111120	2021	10	30	7.140625
11111120	2021	10	31	7.190625
11111120	2021	11	1	7.065625
11111120	2021	11	2	7.023958333
11111120	2021	11	3	6.945833333
11111120	2021	11	4	6.7625
11111120	2021	11	5	6.917708333
11111120	2021	11	6	6.852083333
11111120	2021	11	7	6.845833333
11111120	2021	11	8	6.907291667
11111120	2021	11	9	6.957291667
11111120	2021	11	10	6.973958333
11111120	2021	11	11	6.927083333
11111120	2021	11	12	6.873958333
11111120	2021	11	13	6.059375
11111120	2021	11	14	6.066666667
11111120	2021	11	15	6.072916667
11111120	2021	11	16	6.209375
11111120	2021	11	17	6.189583333
11111120	2021	11	18	6.331914894
11111120	2021	11	19	6.775
11111120	2021	11	20	6.861458333
11111120	2021	11	21	7.051041667
11111120	2021	11	22	7.309473684
11111120	2021	11	23	7.139583333
11111120	2021	11	24	7.217708333
11111120	2021	11	25	7.195833333
11111120	2021	11	26	7.171875
11111120	2021	11	27	7.4125
11111120	2021	11	28	7.584375
11111120	2021	11	29	7.989583333
11111120	2021	11	30	8.122916667
11111120	2021	12	1	7.955555556
11111120	2021	12	2	8.126086957
11111120	2021	12	3	8.354545455
11111120	2021	12	4	8.633333333
11111120	2021	12	5	8.982352941
11111120	2021	12	6	10.08421053
11111120	2021	12	7	9.566666667
11111120	2021	12	8	9.444444444
11111120	2021	12	9	9.4
11111120	2021	12	10	9.688888889
11111120	2021	12	11	10.71818182
11111120	2021	12	12	10.93
11111120	2021	12	13	10.25
11111120	2021	12	14	9.471428571
11111120	2021	12	15	9.114285714
11111120	2021	12	16	8.683333333
11111120	2021	12	17	8.725
11111120	2021	12	18	9.433333333
11111120	2021	12	19	10.18571429
11111120	2021	12	20	3.034782609
11111120	2021	12	21	2.915625
11111120	2021	12	22	2.982291667
11111120	2021	12	23	3.044791667
11111120	2021	12	24	2.954166667
11111120	2021	12	25	2.653125
11111120	2021	12	26	2.516666667
11111120	2021	12	27	2.492708333
11111120	2021	12	28	2.438541667
11111120	2021	12	29	3.154166667
11111120	2021	12	30	5.11875
11111120	2021	12	31	2.777894737
11111120	2022	1	1	1.741666667
11111120	2022	1	2	4.311956522
11111120	2022	1	3	2.3
11111120	2022	1	4	1.690361446
11111120	2022	1	5	1.708333333
11111120	2022	1	6	1.727083333
11111120	2022	1	7	1.870833333
11111120	2022	1	8	1.860416667
11111120	2022	1	9	2.385416667
11111120	2022	1	10	2.388541667
11111120	2022	1	11	1.273958333
11111120	2022	1	12	1.083333333
11111120	2022	1	13	0.915625
11111120	2022	1	14	0.886458333
11111120	2022	1	15	0.934375
11111120	2022	1	16	1.472916667
11111120	2022	1	17	1.692708333
11111120	2022	1	18	1.121875
11111120	2022	1	19	0.851041667
11111120	2022	1	20	0.992708333
11111120	2022	1	21	0.68125
11111120	2022	1	22	0.471875
11111120	2022	1	23	0.365625
11111120	2022	1	24	0.234375
11111120	2022	1	25	0.107291667
11111120	2022	1	26	0.289583333
11111120	2022	1	27	0.5375
11111120	2022	1	28	0.502083333
11111120	2022	1	29	0.663541667
11111120	2022	1	30	0.685416667
11111120	2022	1	31	0.556842105
11111120	2022	2	1	0.471875
11111120	2022	2	2	0.435416667
11111120	2022	2	3	1.668539326
11111120	2022	2	4	3.166666667
11111120	2022	2	5	0.41875
11111120	2022	2	6	
11111120	2022	2	7	
11111120	2022	2	8	
11111120	2022	2	9	
11111120	2022	2	10	
11111120	2022	2	11	
11111120	2022	2	12	
11111120	2022	2	13	
11111120	2022	2	14	
11111120	2022	2	15	0.063541667
11111120	2022	2	16	
11111120	2022	2	17	
11111120	2022	2	18	1.016666667
11111120	2022	2	19	0.051041667
11111120	2022	2	20	
11111120	2022	2	21	
11111120	2022	2	22	
11111120	2022	2	23	3.032978723
11111120	2022	2	24	
11111120	2022	2	25	
11111120	2022	2	26	
11111120	2022	2	27	
11111120	2022	2	28	
11111120	2022	3	1	2.015625
11111120	2022	3	2	2.178723404
11111120	2022	3	3	2.158333333
11111120	2022	3	4	2.15
11111120	2022	3	5	2.15
11111120	2022	3	6	2.130208333
11111120	2022	3	7	2.533333333
11111120	2022	3	8	2.6625
11111120	2022	3	9	3.419791667
11111120	2022	3	10	2.011458333
11111120	2022	3	11	1.735416667
11111120	2022	3	12	2.011458333
11111120	2022	3	13	2.0625
11111120	2022	3	14	2.061458333
11111120	2022	3	15	1.988157895
11111120	2022	3	16	
11111120	2022	3	17	
11111120	2022	3	18	
11111120	2022	3	19	
11111120	2022	3	20	
11111120	2022	3	21	
11111120	2022	3	22	
11111120	2022	3	23	
11111120	2022	3	24	
11111120	2022	3	25	
11111120	2022	3	26	
11111120	2022	3	27	
11111120	2022	3	28	
11111120	2022	3	29	
11111120	2022	3	30	
11111120	2022	3	31	
11111120	2022	4	1	
11111120	2022	4	2	
11111120	2022	4	3	
11111120	2022	4	4	
11111120	2022	4	5	
11111120	2022	4	6	
11111120	2022	4	7	
11111120	2022	4	8	
11111120	2022	4	9	
11111120	2022	4	10	
11111120	2022	4	11	
11111120	2022	4	12	
11111120	2022	4	13	
11111120	2022	4	14	1.895652174
11111120	2022	4	15	2.657291667
11111120	2022	4	16	3.083333333
11111120	2022	4	17	3.045833333
11111120	2022	4	18	3.436458333
11111120	2022	4	19	3.1625
11111120	2022	4	20	2.964583333
11111120	2022	4	21	2.929473684
11111120	2022	4	22	2.980208333
11111120	2022	4	23	3.115625
11111120	2022	4	24	3.261458333
11111120	2022	4	25	3.184883721
11111120	2022	4	26	3.735416667
11111120	2022	4	27	4.414583333
11111120	2022	4	28	4.858333333
11111120	2022	4	29	5.102083333
11111120	2022	4	30	5.2125
11111120	2022	5	1	5.335416667
11111120	2022	5	2	5.511458333
11111120	2022	5	3	5.483333333
11111120	2022	5	4	5.611458333
11111120	2022	5	5	6.017708333
11111120	2022	5	6	7.961458333
11111120	2022	5	7	6.14375
11111120	2022	5	8	5.730208333
11111120	2022	5	9	5.775789474
11111120	2022	5	10	5.817708333
11111120	2022	5	11	5.729166667
11111120	2022	5	12	5.685416667
11111120	2022	5	13	5.766666667
11111120	2022	5	14	5.107291667
11111120	2022	5	15	4.89375
11111120	2022	5	16	5.33125
11111120	2022	5	17	5.69375
11111120	2022	5	18	5.742708333
11111120	2022	5	19	5.669791667
11111120	2022	5	20	5.814583333
11111120	2022	5	21	5.960416667
11111120	2022	5	22	6.190625
11111120	2022	5	23	6.609375
11111120	2022	5	24	6.152083333
11111120	2022	5	25	6.040625
11111120	2022	5	26	7.046875
11111120	2022	5	27	6.915625
11111120	2022	5	28	6.461458333
11111120	2022	5	29	6.479166667
11111120	2022	5	30	6.738541667
11111120	2022	5	31	6.83125
11111120	2022	6	1	6.193478261
11111120	2022	6	2	5.133333333
11111120	2022	6	3	4.805208333
11111120	2022	6	4	4.95625
11111120	2022	6	5	4.963541667
11111120	2022	6	6	5.192708333
11111120	2022	6	7	5.994791667
11111120	2022	6	8	5.095833333
11111120	2022	6	9	4.961458333
11111120	2022	6	10	5.002083333
11111120	2022	6	11	4.986458333
11111120	2022	6	12	5.335416667
11111120	2022	6	13	5.5
11111120	2022	6	14	5.310416667
11111120	2022	6	15	5.260416667
11111120	2022	6	16	5.379166667
11111120	2022	6	17	5.445833333
11111120	2022	6	18	5.434375
11111120	2022	6	19	5.527083333
11111120	2022	6	20	5.3375
11111120	2022	6	21	5.217708333
11111120	2022	6	22	5.163541667
11111120	2022	6	23	5.144791667
11111120	2022	6	24	5.217708333
11111120	2022	6	25	5.052083333
11111120	2022	6	26	4.963541667
11111120	2022	6	27	5.670833333
11111120	2022	6	28	4.710416667
11111120	2022	6	29	4.761016949
11111120	2022	6	30	4.322222222
11111120	2022	7	1	4.664583333
11111120	2022	7	2	4.886458333
11111120	2022	7	3	5.583333333
11111120	2022	7	4	4.86875
11111120	2022	7	5	4.716666667
11111120	2022	7	6	5.335416667
11111120	2022	7	7	7.266666667
11111120	2022	7	8	6.188541667
11111120	2022	7	9	7.29375
11111120	2022	7	10	5.051041667
11111120	2022	7	11	4.727083333
11111120	2022	7	12	4.642708333
11111120	2022	7	13	5.269791667
11111120	2022	7	14	4.625
11111120	2022	7	15	4.7125
11111120	2022	7	16	4.707291667
11111120	2022	7	17	4.647916667
11111120	2022	7	18	6.138541667
11111120	2022	7	19	5.627083333
11111120	2022	7	20	5.551041667
11111120	2022	7	21	6.40625
11111120	2022	7	22	5.047916667
11111120	2022	7	23	4.936458333
11111120	2022	7	24	4.927083333
11111120	2022	7	25	5.060416667
11111120	2022	7	26	5.191666667
11111120	2022	7	27	5.221875
11111120	2022	7	28	5.217708333
11111120	2022	7	29	6.622916667
11111120	2022	7	30	5.234375
11111120	2022	7	31	5.397916667
11111120	2022	8	1	5.89375
11111120	2022	8	2	4.541666667
11111120	2022	8	3	4.585416667
11111120	2022	8	4	5.684375
11111120	2022	8	5	5.323958333
11111120	2022	8	6	5.447916667
11111120	2022	8	7	5.284375
11111120	2022	8	8	5.069791667
11111120	2022	8	9	5.597894737
11111120	2022	8	10	7.46043956
11111120	2022	8	11	7.244791667
11111120	2022	8	12	6.196875
11111120	2022	8	13	5.45
11111120	2022	8	14	5.917391304
11111120	2022	8	15	5.635416667
11111120	2022	8	16	5.75625
11111120	2022	8	17	5.833333333
11111120	2022	8	18	5.990625
11111120	2022	8	19	5.903125
11111120	2022	8	20	5.788541667
11111120	2022	8	21	5.880208333
11111120	2022	8	22	5.851041667
11111120	2022	8	23	5.86875
11111120	2022	8	24	5.85625
11111120	2022	8	25	5.880208333
11111120	2022	8	26	5.936458333
11111120	2022	8	27	5.930208333
11111120	2022	8	28	6.373958333
11111120	2022	8	29	5.839583333
11111120	2022	8	30	5.820833333
11111120	2022	8	31	6.14375
11111120	2022	9	1	6.131914894
11111120	2022	9	2	6.089583333
11111120	2022	9	3	6.777083333
11111120	2022	9	4	6.158333333
11111120	2022	9	5	10.503125
11111120	2022	9	6	7.144791667
11111120	2022	9	7	7.316666667
11111120	2022	9	8	6.55
11111120	2022	9	9	6.296875
11111120	2022	9	10	6.209375
11111120	2022	9	11	6.082291667
11111120	2022	9	12	6.3
11111120	2022	9	13	6.005208333
11111120	2022	9	14	5.872916667
11111120	2022	9	15	5.70625
11111120	2022	9	16	5.734375
11111120	2022	9	17	5.721875
11111120	2022	9	18	5.738541667
11111120	2022	9	19	5.623958333
11111120	2022	9	20	5.491666667
11111120	2022	9	21	5.767708333
11111120	2022	9	22	5.720833333
11111120	2022	9	23	5.473958333
11111120	2022	9	24	5.890625
11111120	2022	9	25	5.660416667
11111120	2022	9	26	5.317708333
11111120	2022	9	27	5.546875
11111120	2022	9	28	5.6375
11111120	2022	9	29	5.198958333
11111120	2022	9	30	5.321875
11111120	2022	10	1	5.566666667
11111120	2022	10	2	5.345833333
11111120	2022	10	3	5.545833333
11111120	2022	10	4	5.057777778
11111120	2022	10	5	4.357291667
11111120	2022	10	6	4.269791667
11111120	2022	10	7	4.015625
11111120	2022	10	8	3.513541667
11111120	2022	10	9	3.201041667
11111120	2022	10	10	3.3625
11111120	2022	10	11	3.425
11111120	2022	10	12	2.985416667
11111120	2022	10	13	1.352083333
11111120	2022	10	14	1.505208333
11111120	2022	10	15	2.16875
11111120	2022	10	16	1.851041667
11111120	2022	10	17	1.471875
11111120	2022	10	18	1.305208333
11111120	2022	10	19	1.551041667
11111120	2022	10	20	1.701041667
11111120	2022	10	21	1.664583333
11111120	2022	10	22	2.117708333
11111120	2022	10	23	1.770833333
11111120	2022	10	24	1.482291667
11111120	2022	10	25	1.117708333
11111120	2022	10	26	1.541666667
11111120	2022	10	27	0.99375
11111120	2022	10	28	0.998958333
11111120	2022	10	29	0.983333333
11111120	2022	10	30	1.01875
11111120	2022	10	31	1.594791667
11111120	2022	11	1	0.971875
11111120	2022	11	2	0.948958333
11111120	2022	11	3	0.957291667
11111120	2022	11	4	0.975
11111120	2022	11	5	0.964583333
11111120	2022	11	6	0.953125
11111120	2022	11	7	1.010416667
11111120	2022	11	8	0.944791667
11111120	2022	11	9	1.062820513
11111120	2022	11	10	
11111120	2022	11	11	
11111120	2022	11	12	
11111120	2022	11	13	
11111120	2022	11	14	0.460714286
11111120	2022	11	15	1.666666667
11111120	2022	11	16	1.383333333
11111120	2022	11	17	0.866666667
11111120	2022	11	18	0.859375
11111120	2022	11	19	0.779166667
11111120	2022	11	20	0.819791667
11111120	2022	11	21	1.142708333
11111120	2022	11	22	0.89375
11111120	2022	11	23	0.702083333
11111120	2022	11	24	0.5625
11111120	2022	11	25	0.382291667
11111120	2022	11	26	0.4
11111120	2022	11	27	0.452083333
11111120	2022	11	28	0.326041667
11111120	2022	11	29	0.6625
11111120	2022	11	30	5.735106383
11111120	2022	12	1	2.880208333
11111120	2022	12	2	2.248958333
11111120	2022	12	3	1.977083333
11111120	2022	12	4	1.91875
11111120	2022	12	5	2.175
11111120	2022	12	6	5.577083333
11111120	2022	12	7	5.4625
11111120	2022	12	8	6.642708333
11111120	2022	12	9	6.097916667
11111120	2022	12	10	3.408421053
11111120	2022	12	11	2.594791667
11111120	2022	12	12	2.410416667
11111120	2022	12	13	2.272916667
11111120	2022	12	14	3.3
11111120	2022	12	15	4.371875
11111120	2022	12	16	2.441666667
11111120	2022	12	17	2.255208333
11111120	2022	12	18	2.15625
11111120	2022	12	19	2.18125
11111120	2022	12	20	2.227083333
11111120	2022	12	21	2.330208333
11111120	2022	12	22	2.319791667
11111120	2022	12	23	2.804166667
11111120	2022	12	24	3.170833333
11111120	2022	12	25	3.167708333
11111120	2022	12	26	3.175
11111120	2022	12	27	3.05625
11111120	2022	12	28	2.830232558
11111120	2022	12	29	2.153125
11111120	2022	12	30	1.928125
11111120	2022	12	31	2.027083333
11111120	2023	1	1	1.736458333
11111120	2023	1	2	1.655208333
11111120	2023	1	3	2.753125
11111120	2023	1	4	3.783333333
11111120	2023	1	5	2.107291667
11111120	2023	1	6	1.455208333
11111120	2023	1	7	1.313541667
11111120	2023	1	8	1.6
11111120	2023	1	9	1.536458333
11111120	2023	1	10	1.45
11111120	2023	1	11	1.34375
11111120	2023	1	12	1.866666667
11111120	2023	1	13	1.922916667
11111120	2023	1	14	1.307291667
11111120	2023	1	15	1.075
11111120	2023	1	16	1.052222222
11111120	2023	1	17	1.489583333
11111120	2023	1	18	1.211458333
11111120	2023	1	19	1.182291667
11111120	2023	1	20	1.111458333
11111120	2023	1	21	1.084375
11111120	2023	1	22	1.094791667
11111120	2023	1	23	1.10625
11111120	2023	1	24	1.163541667
11111120	2023	1	25	1.990625
11111120	2023	1	26	1.490625
11111120	2023	1	27	1.190625
11111120	2023	1	28	1.063541667
11111120	2023	1	29	1.371875
11111120	2023	1	30	1.601041667
11111120	2023	1	31	1.453763441
11111120	2023	2	1	1.688541667
11111120	2023	2	2	1.429166667
11111120	2023	2	3	1.229166667
11111120	2023	2	4	1.180208333
11111120	2023	2	5	1.190625
11111120	2023	2	6	1.208333333
11111120	2023	2	7	1.307291667
11111120	2023	2	8	1.5375
11111120	2023	2	9	1.676
11111120	2023	2	10	1.7
11111120	2023	2	11	1.84
11111120	2023	2	12	2.694736842
11111120	2023	2	13	2.42195122
11111120	2023	2	14	1.671052632
11111120	2023	2	15	1.454
11111120	2023	2	16	1.572881356
11111120	2023	2	17	2.892857143
11111120	2023	2	18	1.56
11111120	2023	2	19	1.351666667
11111120	2023	2	20	1.36
11111120	2023	2	21	1.330769231
11111120	2023	2	22	1.288059701
11111120	2023	2	23	1.404255319
11111120	2023	2	24	1.558333333
11111120	2023	2	25	2.075925926
11111120	2023	2	26	2.092647059
11111120	2023	2	27	2.017391304
11111120	2023	2	28	1.869642857
11111120	2023	3	1	1.578846154
11111120	2023	3	2	2.475
11111120	2023	3	3	1.369811321
11111120	2023	3	4	1.147619048
11111120	2023	3	5	0.953225806
11111120	2023	3	6	1.014516129
11111120	2023	3	7	1.017647059
11111120	2023	3	8	1.17037037
11111120	2023	3	9	1.305172414
11111120	2023	3	10	1.561538462
11111120	2023	3	11	1.485483871
11111120	2023	3	12	2.201886792
11111120	2023	3	13	1.807142857
11111120	2023	3	14	1.364583333
11111120	2023	3	15	1.251785714
11111120	2023	3	16	1.252777778
11111120	2023	3	17	1.520512821
11111120	2023	3	18	1.560810811
11111120	2023	3	19	1.471875
11111120	2023	3	20	1.527906977
11111120	2023	3	21	1.4375
11111120	2023	3	22	2.009090909
11111120	2023	3	23	1.683333333
11111120	2023	3	24	1.223333333
11111120	2023	3	25	1.883673469
11111120	2023	3	26	1.081818182
11111120	2023	3	27	0.837735849
11111120	2023	3	28	0.910606061
11111120	2023	3	29	0.978571429
11111120	2023	3	30	1.026666667
11111120	2023	3	31	1.192307692
11111120	2023	4	1	1.574545455
11111120	2023	4	2	1.13255814
11111120	2023	4	3	1.236170213
11111120	2023	4	4	1.358181818
11111120	2023	4	5	1.109375
11111120	2023	4	6	1.172916667
11111120	2023	4	7	1.617708333
11111120	2023	4	8	1.94375
11111120	2023	4	9	1.786458333
11111120	2023	4	10	1.655208333
11111120	2023	4	11	1.684375
11111120	2023	4	12	1.70625
11111120	2023	4	13	1.709375
11111120	2023	4	14	1.969791667
11111120	2023	4	15	1.758333333
11111120	2023	4	16	2.077083333
11111120	2023	4	17	1.922916667
11111120	2023	4	18	1.989583333
11111120	2023	4	19	2.042708333
11111120	2023	4	20	2.183333333
11111120	2023	4	21	2.497916667
11111120	2023	4	22	3.744791667
11111120	2023	4	23	2.705208333
11111120	2023	4	24	2.540625
11111120	2023	4	25	2.505208333
11111120	2023	4	26	2.576041667
11111120	2023	4	27	2.086585366
11111120	2023	4	28	1.8125
11111120	2023	4	29	2.138541667
11111120	2023	4	30	2.217708333
11111120	2023	5	1	2.29375
11111120	2023	5	2	2.504166667
11111120	2023	5	3	2.570833333
11111120	2023	5	4	2.641666667
11111120	2023	5	5	2.625
11111120	2023	5	6	2.746875
11111120	2023	5	7	3.3875
11111120	2023	5	8	2.835416667
11111120	2023	5	9	2.769791667
11111120	2023	5	10	2.39375
11111120	2023	5	11	2.533333333
11111120	2023	5	12	2.777083333
11111120	2023	5	13	2.977083333
11111120	2023	5	14	2.785263158
11111120	2023	5	15	2.584375
11111120	2023	5	16	2.590625
11111120	2023	5	17	2.533333333
11111120	2023	5	18	2.963541667
11111120	2023	5	19	3.286458333
11111120	2023	5	20	3.594791667
11111120	2023	5	21	3.517708333
11111120	2023	5	22	3.594791667
11111120	2023	5	23	3.666666667
11111120	2023	5	24	3.804166667
11111120	2023	5	25	3.891666667
11111120	2023	5	26	4
11111120	2023	5	27	4.161458333
11111120	2023	5	28	4.209375
11111120	2023	5	29	4.3625
11111120	2023	5	30	4.319791667
11111120	2023	5	31	4.532692308
11111120	2023	6	1	
11111120	2023	6	2	5.8
11111120	2023	6	3	
11111120	2023	6	4	
11111120	2023	6	5	
11111120	2023	6	6	
11111120	2023	6	7	
11111120	2023	6	8	6.3
11111120	2023	6	9	
11111120	2023	6	10	
11111120	2023	6	11	
11111120	2023	6	12	5.961111111
11111120	2023	6	13	6.159375
11111120	2023	6	14	6.029166667
11111120	2023	6	15	5.932291667
11111120	2023	6	16	6.153125
11111120	2023	6	17	6.172916667
11111120	2023	6	18	6.254166667
11111120	2023	6	19	7.573958333
11111120	2023	6	20	7.883333333
11111120	2023	6	21	7.115625
11111120	2023	6	22	6.31875
11111120	2023	6	23	6.144791667
11111120	2023	6	24	5.992708333
11111120	2023	6	25	6.506896552
11111120	2023	6	26	6.909375
11111120	2023	6	27	5.358333333
11111120	2023	6	28	4.95625
11111120	2023	6	29	5.180434783
11111120	2023	6	30	6.117708333
