11111123	2018	1	2	6.825665
11111123	2018	1	3	6.8182774
11111123	2018	1	4	6.810937
11111123	2018	1	5	6.80373
11111123	2018	1	6	6.796606
11111123	2018	1	7	6.794902
11111123	2018	1	8	7.1462383
11111123	2018	1	9	6.80407
11111123	2018	1	10	6.818992
11111123	2018	1	11	6.9728837
11111123	2018	1	12	6.8864264
11111123	2018	1	13	6.826269
11111123	2018	1	14	6.824563
11111123	2018	1	15	6.8153076
11111123	2018	1	16	6.844854
11111123	2018	1	17	6.8224907
11111123	2018	1	18	6.8057165
11111123	2018	1	19	6.8011565
11111123	2018	1	20	6.794795
11111123	2018	1	21	6.7885756
11111123	2018	1	22	6.907849
11111123	2018	1	23	6.7928834
11111123	2018	1	24	6.793171
11111123	2018	1	25	6.7865014
11111123	2018	1	26	6.7779527
11111123	2018	1	27	6.997735
11111123	2018	1	28	7.642021
11111123	2018	1	29	6.766266
11111123	2018	1	30	6.8409357
11111123	2018	1	31	6.8549104
11111123	2018	2	1	6.889924
11111123	2018	2	2	6.8339844
11111123	2018	2	3	6.8514643
11111123	2018	2	4	7.5840797
11111123	2018	2	5	6.8098164
11111123	2018	2	6	6.9174614
11111123	2018	2	7	7.5716248
11111123	2018	2	8	6.853526
11111123	2018	2	9	6.9678016
11111123	2018	2	10	7.1454487
11111123	2018	2	11	7.517516
11111123	2018	2	12	6.904027
11111123	2018	2	13	6.993172
11111123	2018	2	14	6.998909
11111123	2018	2	15	6.974989
11111123	2018	2	16	6.9663305
11111123	2018	2	17	6.983245
11111123	2018	2	18	6.950555
11111123	2018	2	19	6.940294
11111123	2018	2	20	6.9464498
11111123	2018	2	21	6.9204044
11111123	2018	2	22	6.9104977
11111123	2018	2	23	6.89908
11111123	2018	2	24	6.887351
11111123	2018	2	25	7.360153
11111123	2018	2	26	7.3360677
11111123	2018	2	27	6.8927946
11111123	2018	2	28	6.9961395
11111123	2018	3	1	7.098819
11111123	2018	3	2	6.9235644
11111123	2018	3	3	6.930012
11111123	2018	3	4	6.921175
11111123	2018	3	5	6.9506345
11111123	2018	3	6	7.1652007
11111123	2018	3	7	6.907626
11111123	2018	3	8	6.929228
11111123	2018	3	9	6.921352
11111123	2018	3	10	7.280337
11111123	2018	3	11	7.664006
11111123	2018	3	12	6.8582983
11111123	2018	3	13	6.966667
11111123	2018	3	14	6.974391
11111123	2018	3	15	6.94524
11111123	2018	3	16	6.9509664
11111123	2018	3	17	6.9281783
11111123	2018	3	18	6.976101
11111123	2018	3	19	6.915959
11111123	2018	3	20	6.924199
11111123	2018	3	21	6.9056644
11111123	2018	3	22	6.8957167
11111123	2018	3	23	6.8854804
11111123	2018	3	24	6.8753557
11111123	2018	3	25	6.865564
11111123	2018	3	26	6.856001
11111123	2018	3	27	6.846639
11111123	2018	3	28	6.8480487
11111123	2018	3	29	7.2955127
11111123	2018	3	30	6.836958
11111123	2018	3	31	6.866091
11111123	2018	4	1	6.862318
11111123	2018	4	2	6.8446074
11111123	2018	4	3	6.83371
11111123	2018	4	4	6.955696
11111123	2018	4	5	6.83326
11111123	2018	4	6	7.0764966
11111123	2018	4	7	6.921013
11111123	2018	4	8	6.8630776
11111123	2018	4	9	6.8617654
11111123	2018	4	10	6.8488855
11111123	2018	4	11	6.8382945
11111123	2018	4	12	6.8308306
11111123	2018	4	13	6.82446
11111123	2018	4	14	7.8488617
11111123	2018	4	15	7.00096
11111123	2018	4	16	6.8525743
11111123	2018	4	17	6.9068217
11111123	2018	4	18	6.887194
11111123	2018	4	19	6.8705597
11111123	2018	4	20	6.8646836
11111123	2018	4	21	6.8618193
11111123	2018	4	22	7.5064964
11111123	2018	4	23	6.8466415
11111123	2018	4	24	6.910275
11111123	2018	4	25	6.919207
11111123	2018	4	26	7.260676
11111123	2018	4	27	6.89227
11111123	2018	4	28	6.9260464
11111123	2018	4	29	6.9234037
11111123	2018	4	30	6.9068213
11111123	2018	5	1	6.89565
11111123	2018	5	2	6.8869677
11111123	2018	5	3	6.878717
11111123	2018	5	4	6.8704214
11111123	2018	5	5	6.8883457
11111123	2018	5	6	6.8563037
11111123	2018	5	7	6.8494987
11111123	2018	5	8	6.8405056
11111123	2018	5	9	6.8311024
11111123	2018	5	10	6.822315
11111123	2018	5	11	6.8139687
11111123	2018	5	12	6.805955
11111123	2018	5	13	6.798249
11111123	2018	5	14	6.7908387
11111123	2018	5	15	6.8373785
11111123	2018	5	16	6.886812
11111123	2018	5	17	6.9834943
11111123	2018	5	18	6.810743
11111123	2018	5	19	6.8133106
11111123	2018	5	20	7.086922
11111123	2018	5	21	6.9708877
11111123	2018	5	22	8.280897
11111123	2018	5	23	6.6611557
11111123	2018	5	24	7.521994
11111123	2018	5	25	7.0059576
11111123	2018	5	26	7.225935
11111123	2018	5	27	6.9517765
11111123	2018	5	28	7.331245
11111123	2018	5	29	8.450568
11111123	2018	5	30	7.763815
11111123	2018	5	31	6.744734
11111123	2018	6	1	7.0998354
11111123	2018	6	2	7.132373
11111123	2018	6	3	7.0355477
11111123	2018	6	4	7.0540257
11111123	2018	6	5	7.060397
11111123	2018	6	6	7.0615435
11111123	2018	6	7	7.060427
11111123	2018	6	8	7.05554
11111123	2018	6	9	7.0469003
11111123	2018	6	10	7.035307
11111123	2018	6	11	7.0216346
11111123	2018	6	12	7.0066485
11111123	2018	6	13	6.990957
11111123	2018	6	14	7.12164
11111123	2018	6	15	6.9855843
11111123	2018	6	16	6.968553
11111123	2018	6	17	7.02425
11111123	2018	6	18	6.9412255
11111123	2018	6	19	6.9317474
11111123	2018	6	20	6.9173303
11111123	2018	6	21	6.933539
11111123	2018	6	22	7.1989346
11111123	2018	6	23	6.893819
11111123	2018	6	24	6.9121466
11111123	2018	6	25	6.902502
11111123	2018	6	26	6.8839283
11111123	2018	6	27	6.871032
11111123	2018	6	28	7.4080057
11111123	2018	6	29	6.852263
11111123	2018	6	30	7.2802024
11111123	2018	7	1	6.90008
11111123	2018	7	2	7.2337766
11111123	2018	7	3	6.918748
11111123	2018	7	4	7.078315
11111123	2018	7	5	6.9374886
11111123	2018	7	6	6.9390526
11111123	2018	7	7	7.014229
11111123	2018	7	8	6.9588532
11111123	2018	7	9	6.925087
11111123	2018	7	10	6.9207206
11111123	2018	7	11	6.909406
11111123	2018	7	12	7.2018447
11111123	2018	7	13	6.898797
11111123	2018	7	14	6.941358
11111123	2018	7	15	7.1357975
11111123	2018	7	16	6.9086323
11111123	2018	7	17	6.9188356
11111123	2018	7	18	6.908984
11111123	2018	7	19	7.209297
11111123	2018	7	20	6.892089
11111123	2018	7	21	6.98912
11111123	2018	7	22	6.913611
11111123	2018	7	23	7.0108385
11111123	2018	7	24	6.9679933
11111123	2018	7	25	6.9035606
11111123	2018	7	26	6.900586
11111123	2018	7	27	6.888473
11111123	2018	7	28	6.876603
11111123	2018	7	29	6.8669014
11111123	2018	7	30	6.858066
11111123	2018	7	31	7.044467
11111123	2018	8	1	8.465755
11111123	2018	8	2	6.633727
11111123	2018	8	3	6.8191648
11111123	2018	8	4	6.895882
11111123	2018	8	5	6.878285
11111123	2018	8	6	6.8720217
11111123	2018	8	7	6.8716035
11111123	2018	8	8	6.8704343
11111123	2018	8	9	7.0338993
11111123	2018	8	10	6.9491186
11111123	2018	8	11	6.8925414
11111123	2018	8	12	6.8937573
11111123	2018	8	13	6.897728
11111123	2018	8	14	6.9036894
11111123	2018	8	15	6.8676434
11111123	2018	8	16	6.8989115
11111123	2018	8	17	6.9102054
11111123	2018	8	18	6.8937287
11111123	2018	8	19	7.066776
11111123	2018	8	20	6.9277344
11111123	2018	8	21	6.8779335
11111123	2018	8	22	6.873871
11111123	2018	8	23	6.8650045
11111123	2018	8	24	6.8487096
11111123	2018	8	25	6.840529
11111123	2018	8	26	6.8330665
11111123	2018	8	27	6.825876
11111123	2018	8	28	6.818863
11111123	2018	8	29	6.985598
11111123	2018	8	30	6.9291224
11111123	2018	8	31	7.3924656
11111123	2018	9	1	6.8396573
11111123	2018	9	2	6.8803973
11111123	2018	9	3	6.8785386
11111123	2018	9	4	6.8594036
11111123	2018	9	5	7.01711
11111123	2018	9	6	6.8566866
11111123	2018	9	7	6.8656483
11111123	2018	9	8	6.8602977
11111123	2018	9	9	7.243034
11111123	2018	9	10	6.857177
11111123	2018	9	11	6.8856964
11111123	2018	9	12	6.9036674
11111123	2018	9	13	6.8684063
11111123	2018	9	14	6.8596506
11111123	2018	9	15	6.851741
11111123	2018	9	16	6.8440437
11111123	2018	9	17	6.8368297
11111123	2018	9	18	6.8297043
11111123	2018	9	19	9.612329
11111123	2018	9	20	7.500505
11111123	2018	9	21	7.5478373
11111123	2018	9	22	7.428291
11111123	2018	9	23	7.3155384
11111123	2018	9	24	7.516321
11111123	2018	9	25	7.157912
11111123	2018	9	26	7.888514
11111123	2018	9	27	7.416976
11111123	2018	9	28	7.088734
11111123	2018	9	29	7.0663505
11111123	2018	9	30	7.0098658
11111123	2018	10	1	6.960453
11111123	2018	10	2	6.9261355
11111123	2018	10	3	6.9000816
11111123	2018	10	4	6.8786144
11111123	2018	10	5	6.8770394
11111123	2018	10	6	6.8461127
11111123	2018	10	7	6.832366
11111123	2018	10	8	6.8188157
11111123	2018	10	9	6.8061833
11111123	2018	10	10	6.878072
11111123	2018	10	11	6.7957273
11111123	2018	10	12	6.789929
11111123	2018	10	13	6.7803583
11111123	2018	10	14	6.770388
11111123	2018	10	15	6.762207
11111123	2018	10	16	6.7551117
11111123	2018	10	17	6.7486525
11111123	2018	10	18	6.7426367
11111123	2018	10	19	6.7369547
11111123	2018	10	20	6.7696447
11111123	2018	10	21	6.732541
11111123	2018	10	22	6.7285366
11111123	2018	10	23	6.723236
11111123	2018	10	24	6.717825
11111123	2018	10	25	6.965306
11111123	2018	10	26	6.799301
11111123	2018	10	27	6.753001
11111123	2018	10	28	6.750399
11111123	2018	10	29	6.7415595
11111123	2018	10	30	6.7352715
11111123	2018	10	31	6.7313776
11111123	2018	11	1	7.230918
11111123	2018	11	2	6.7801046
11111123	2018	11	3	6.7858505
11111123	2018	11	4	6.8982725
11111123	2018	11	5	6.822768
11111123	2018	11	6	6.848683
11111123	2018	11	7	7.937063
11111123	2018	11	8	6.724306
11111123	2018	11	9	7.008425
11111123	2018	11	10	6.8789415
11111123	2018	11	11	6.91942
11111123	2018	11	12	8.3212185
11111123	2018	11	13	6.814514
11111123	2018	11	14	7.1224523
11111123	2018	11	15	6.9505754
11111123	2018	11	16	6.977949
11111123	2018	11	17	6.9734726
11111123	2018	11	18	6.9643106
11111123	2018	11	19	6.960074
11111123	2018	11	20	6.956364
11111123	2018	11	21	6.951151
11111123	2018	11	22	6.944151
11111123	2018	11	23	7.138738
11111123	2018	11	24	6.9642153
11111123	2018	11	25	7.124054
11111123	2018	11	26	6.9483986
11111123	2018	11	27	6.952088
11111123	2018	11	28	6.9381323
11111123	2018	11	29	6.920235
11111123	2018	11	30	6.9065514
11111123	2018	12	1	7.522071
11111123	2018	12	2	6.8665953
11111123	2018	12	3	6.9287224
11111123	2018	12	4	6.9320345
11111123	2018	12	5	6.9079814
11111123	2018	12	6	6.893053
11111123	2018	12	7	6.8829846
11111123	2018	12	8	8.021476
11111123	2018	12	9	6.7977095
11111123	2018	12	10	6.8895817
11111123	2018	12	11	6.930567
11111123	2018	12	12	6.9074306
11111123	2018	12	13	6.920112
11111123	2018	12	14	7.224478
11111123	2018	12	15	6.8927855
11111123	2018	12	16	6.9271855
11111123	2018	12	17	6.9241147
11111123	2018	12	18	6.907854
11111123	2018	12	19	7.1936016
11111123	2018	12	20	7.21247
11111123	2018	12	21	7.044039
11111123	2018	12	22	6.958639
11111123	2018	12	23	6.962495
11111123	2018	12	24	6.9418592
11111123	2018	12	25	6.924634
11111123	2018	12	26	6.913374
11111123	2018	12	27	7.750965
11111123	2018	12	28	7.2417846
11111123	2018	12	29	6.913127
11111123	2018	12	30	7.5782423
11111123	2018	12	31	7.4385967
11111123	2019	1	1	6.9385567
11111123	2019	1	2	7.077344
11111123	2019	1	3	7.4444747
11111123	2019	1	4	7.3820925
11111123	2019	1	5	7.003421
11111123	2019	1	6	7.09525
11111123	2019	1	7	7.088661
11111123	2019	1	8	7.0619965
11111123	2019	1	9	7.0449095
11111123	2019	1	10	7.0314045
11111123	2019	1	11	7.0181713
11111123	2019	1	12	7.192239
11111123	2019	1	13	6.9923363
11111123	2019	1	14	7.0053563
11111123	2019	1	15	6.992048
11111123	2019	1	16	6.9708347
11111123	2019	1	17	6.9896555
11111123	2019	1	18	6.9406643
11111123	2019	1	19	7.5601597
11111123	2019	1	20	6.8924
11111123	2019	1	21	6.9569025
11111123	2019	1	22	6.957781
11111123	2019	1	23	8.395937
11111123	2019	1	24	6.6904974
11111123	2019	1	25	6.8866925
11111123	2019	1	26	6.9565415
11111123	2019	1	27	6.933614
11111123	2019	1	28	6.922264
11111123	2019	1	29	7.022522
11111123	2019	1	30	6.918438
11111123	2019	1	31	6.9253483
11111123	2019	2	1	6.91884
11111123	2019	2	2	6.907853
11111123	2019	2	3	6.8980603
11111123	2019	2	4	6.8887177
11111123	2019	2	5	6.8845897
11111123	2019	2	6	6.891504
11111123	2019	2	7	6.8744335
11111123	2019	2	8	6.857498
11111123	2019	2	9	6.8488193
11111123	2019	2	10	6.8391676
11111123	2019	2	11	6.920537
11111123	2019	2	12	7.298582
11111123	2019	2	13	6.841247
11111123	2019	2	14	6.872809
11111123	2019	2	15	6.9377475
11111123	2019	2	16	6.8618383
11111123	2019	2	17	6.873211
11111123	2019	2	18	6.8634176
11111123	2019	2	19	7.18907
11111123	2019	2	20	7.555844
11111123	2019	2	21	7.014366
11111123	2019	2	22	6.928113
11111123	2019	2	23	7.0689096
11111123	2019	2	24	7.21106
11111123	2019	2	25	6.9285975
11111123	2019	2	26	6.9615355
11111123	2019	2	27	6.956914
11111123	2019	2	28	7.096113
11111123	2019	3	1	6.9584885
11111123	2019	3	2	6.951009
11111123	2019	3	3	7.480298
11111123	2019	3	4	6.914259
11111123	2019	3	5	6.9755015
11111123	2019	3	6	6.9762297
11111123	2019	3	7	6.951889
11111123	2019	3	8	6.9357963
11111123	2019	3	9	6.924007
11111123	2019	3	10	6.9552917
11111123	2019	3	11	7.3745003
11111123	2019	3	12	6.8976946
11111123	2019	3	13	6.9415874
11111123	2019	3	14	6.968758
11111123	2019	3	15	7.280507
11111123	2019	3	16	6.9077067
11111123	2019	3	17	6.939724
11111123	2019	3	18	6.933466
11111123	2019	3	19	6.9140544
11111123	2019	3	20	6.900964
11111123	2019	3	21	6.8909755
11111123	2019	3	22	6.881822
11111123	2019	3	23	6.872905
11111123	2019	3	24	6.864007
11111123	2019	3	25	7.228256
11111123	2019	3	26	6.8612776
11111123	2019	3	27	6.884642
11111123	2019	3	28	6.878416
11111123	2019	3	29	6.8609757
11111123	2019	3	30	6.8493247
11111123	2019	3	31	6.915466
11111123	2019	4	1	6.8412786
11111123	2019	4	2	6.8392587
11111123	2019	4	3	6.8316274
11111123	2019	4	4	6.8868423
11111123	2019	4	5	6.822653
11111123	2019	4	6	7.61681
11111123	2019	4	7	6.7967477
11111123	2019	4	8	6.943997
11111123	2019	4	9	6.893654
11111123	2019	4	10	6.8674097
11111123	2019	4	11	6.8584642
11111123	2019	4	12	6.8506446
11111123	2019	4	13	6.84476
11111123	2019	4	14	7.515866
11111123	2019	4	15	6.8243256
11111123	2019	4	16	6.887344
11111123	2019	4	17	6.895342
11111123	2019	4	18	8.025986
11111123	2019	4	19	6.7715335
11111123	2019	4	20	6.901946
11111123	2019	4	21	6.9337883
11111123	2019	4	22	6.9144964
11111123	2019	4	23	6.903659
11111123	2019	4	24	6.8985424
11111123	2019	4	25	7.1807055
11111123	2019	4	26	6.897854
11111123	2019	4	27	6.924616
11111123	2019	4	28	6.9200463
11111123	2019	4	29	6.9042387
11111123	2019	4	30	6.892633
11111123	2019	5	1	6.951851
11111123	2019	5	2	6.8803363
11111123	2019	5	3	6.87739
11111123	2019	5	4	7.0237246
11111123	2019	5	5	6.89069
11111123	2019	5	6	6.87502
11111123	2019	5	7	6.8673096
11111123	2019	5	8	6.8912797
11111123	2019	5	9	7.5964603
11111123	2019	5	10	6.8274097
11111123	2019	5	11	6.951765
11111123	2019	5	12	7.215141
11111123	2019	5	13	6.893466
11111123	2019	5	14	6.9168377
11111123	2019	5	15	6.911476
11111123	2019	5	16	6.896586
11111123	2019	5	17	6.8872805
11111123	2019	5	18	6.8802752
11111123	2019	5	19	6.878744
11111123	2019	5	20	6.8669934
11111123	2019	5	21	6.859934
11111123	2019	5	22	6.8520164
11111123	2019	5	23	6.843728
11111123	2019	5	24	6.8354
11111123	2019	5	25	6.8271065
11111123	2019	5	26	6.818915
11111123	2019	5	27	6.8108907
11111123	2019	5	28	6.803082
11111123	2019	5	29	6.7955227
11111123	2019	5	30	6.7882314
11111123	2019	5	31	6.7812185
11111123	2019	6	1	6.774484
11111123	2019	6	2	6.7680225
11111123	2019	6	3	6.7618237
11111123	2019	6	4	6.7558727
11111123	2019	6	5	6.787833
11111123	2019	6	6	7.2716403
11111123	2019	6	7	6.8416395
11111123	2019	6	8	7.03144
11111123	2019	6	9	7.4587946
11111123	2019	6	10	6.844188
11111123	2019	6	11	6.8773956
11111123	2019	6	12	6.8847547
11111123	2019	6	13	6.8678045
11111123	2019	6	14	6.8602753
11111123	2019	6	15	6.857401
11111123	2019	6	16	6.9136114
11111123	2019	6	17	6.857917
11111123	2019	6	18	6.9172115
11111123	2019	6	19	6.933858
11111123	2019	6	20	6.863723
11111123	2019	6	21	6.861868
11111123	2019	6	22	7.02072
11111123	2019	6	23	6.8571835
11111123	2019	6	24	6.8614283
11111123	2019	6	25	6.9122496
11111123	2019	6	26	6.8585224
11111123	2019	6	27	6.8441925
11111123	2019	6	28	6.8366656
11111123	2019	6	29	6.8275805
11111123	2019	6	30	6.8354197
11111123	2019	7	1	6.830143
11111123	2019	7	2	6.810107
11111123	2019	7	3	6.8037715
11111123	2019	7	4	6.796255
11111123	2019	7	5	6.7888746
11111123	2019	7	6	6.7819886
11111123	2019	7	7	6.8076158
11111123	2019	7	8	6.7738705
11111123	2019	7	9	6.812071
11111123	2019	7	10	6.769063
11111123	2019	7	11	6.7641687
11111123	2019	7	12	6.7577405
11111123	2019	7	13	6.854749
11111123	2019	7	14	7.0028534
11111123	2019	7	15	6.7848673
11111123	2019	7	16	6.791042
11111123	2019	7	17	6.783619
11111123	2019	7	18	6.7733383
11111123	2019	7	19	7.056826
11111123	2019	7	20	7.457917
11111123	2019	7	21	6.7968907
11111123	2019	7	22	6.854531
11111123	2019	7	23	6.8588767
11111123	2019	7	24	6.841154
11111123	2019	7	25	6.8335724
11111123	2019	7	26	6.8304095
11111123	2019	7	27	6.8277893
11111123	2019	7	28	6.8247194
11111123	2019	7	29	6.8208685
11111123	2019	7	30	6.92412
11111123	2019	7	31	6.823509
11111123	2019	8	1	6.8295703
11111123	2019	8	2	6.818057
11111123	2019	8	3	6.9010334
11111123	2019	8	4	6.813028
11111123	2019	8	5	6.8112574
11111123	2019	8	6	6.8040104
11111123	2019	8	7	6.7954144
11111123	2019	8	8	6.7882977
11111123	2019	8	9	6.787263
11111123	2019	8	10	6.9630423
11111123	2019	8	11	6.792599
11111123	2019	8	12	6.806594
11111123	2019	8	13	6.790735
11111123	2019	8	14	6.7976217
11111123	2019	8	15	6.7768307
11111123	2019	8	16	6.7716575
11111123	2019	8	17	6.7662067
11111123	2019	8	18	6.760805
11111123	2019	8	19	6.7556868
11111123	2019	8	20	6.7560253
11111123	2019	8	21	6.8224564
11111123	2019	8	22	6.753331
11111123	2019	8	23	6.7509418
11111123	2019	8	24	6.8267493
11111123	2019	8	25	7.137891
11111123	2019	8	26	6.9944525
11111123	2019	8	27	6.8408647
11111123	2019	8	28	6.828017
11111123	2019	8	29	6.817996
11111123	2019	8	30	6.8066645
11111123	2019	8	31	6.8007565
11111123	2019	9	1	7.0682597
11111123	2019	9	2	6.817812
11111123	2019	9	3	6.8328004
11111123	2019	9	4	6.829508
11111123	2019	9	5	6.819152
11111123	2019	9	6	6.8120985
11111123	2019	9	7	6.8065195
11111123	2019	9	8	6.801157
11111123	2019	9	9	6.811731
11111123	2019	9	10	6.7923737
11111123	2019	9	11	6.7872744
11111123	2019	9	12	6.7810707
11111123	2019	9	13	6.7745867
11111123	2019	9	14	6.768333
11111123	2019	9	15	6.7622395
11111123	2019	9	16	6.7562695
11111123	2019	9	17	6.7504244
11111123	2019	9	18	6.744713
11111123	2019	9	19	6.739142
11111123	2019	9	20	6.7337184
11111123	2019	9	21	6.7284455
11111123	2019	9	22	6.7233243
11111123	2019	9	23	6.7183533
11111123	2019	9	24	6.71353
11111123	2019	9	25	6.7088504
11111123	2019	9	26	6.7043104
11111123	2019	9	27	6.6999054
11111123	2019	9	28	6.695632
11111123	2019	9	29	6.6914854
11111123	2019	9	30	6.687463
11111123	2019	10	1	6.6835613
11111123	2019	10	2	6.6797795
11111123	2019	10	3	6.6761155
11111123	2019	10	4	6.672569
11111123	2019	10	5	6.669139
11111123	2019	10	6	6.6658254
11111123	2019	10	7	6.6842594
11111123	2019	10	8	6.663861
11111123	2019	10	9	6.6612234
11111123	2019	10	10	6.658176
11111123	2019	10	11	6.655134
11111123	2019	10	12	6.6740804
11111123	2019	10	13	6.703236
11111123	2019	10	14	6.6620407
11111123	2019	10	15	6.9815345
11111123	2019	10	16	6.7218285
11111123	2019	10	17	6.711217
11111123	2019	10	18	6.710656
11111123	2019	10	19	6.7260556
11111123	2019	10	20	6.705548
11111123	2019	10	21	6.715966
11111123	2019	10	22	6.8882127
11111123	2019	10	23	6.73232
11111123	2019	10	24	6.73744
11111123	2019	10	25	7.3227224
11111123	2019	10	26	6.888748
11111123	2019	10	27	6.8052864
11111123	2019	10	28	6.8207703
11111123	2019	10	29	6.8091908
11111123	2019	10	30	7.1635275
11111123	2019	10	31	7.131826
11111123	2019	11	1	6.8582172
11111123	2019	11	2	6.8903728
11111123	2019	11	3	6.8833237
11111123	2019	11	4	6.8696604
11111123	2019	11	5	6.8626723
11111123	2019	11	6	6.8580046
11111123	2019	11	7	7.319209
11111123	2019	11	8	6.857656
11111123	2019	11	9	6.8965044
11111123	2019	11	10	6.8964148
11111123	2019	11	11	6.9484496
11111123	2019	11	12	7.3025937
11111123	2019	11	13	6.876854
11111123	2019	11	14	6.983944
11111123	2019	11	15	7.039419
11111123	2019	11	16	6.9119673
11111123	2019	11	17	6.913721
11111123	2019	11	18	6.90363
11111123	2019	11	19	6.891485
11111123	2019	11	20	6.882092
11111123	2019	11	21	6.8737097
11111123	2019	11	22	6.886553
11111123	2019	11	23	7.306202
11111123	2019	11	24	6.862294
11111123	2019	11	25	6.8954678
11111123	2019	11	26	6.902051
11111123	2019	11	27	7.3327966
11111123	2019	11	28	6.866447
11111123	2019	11	29	6.9050393
11111123	2019	11	30	6.903432
11111123	2019	12	1	6.9330215
11111123	2019	12	2	6.8780713
11111123	2019	12	3	6.874407
11111123	2019	12	4	6.8668933
11111123	2019	12	5	6.8582892
11111123	2019	12	6	6.9792233
11111123	2019	12	7	6.854759
11111123	2019	12	8	6.8566628
11111123	2019	12	9	6.8535523
11111123	2019	12	10	7.03883
11111123	2019	12	11	6.8720374
11111123	2019	12	12	6.903118
11111123	2019	12	13	7.1730957
11111123	2019	12	14	6.860995
11111123	2019	12	15	6.8784113
11111123	2019	12	16	7.2424974
11111123	2019	12	17	7.2527237
11111123	2019	12	18	6.8919497
11111123	2019	12	19	6.9348254
11111123	2019	12	20	6.9249535
11111123	2019	12	21	7.0610323
11111123	2019	12	22	8.227961
11111123	2019	12	23	6.7476597
11111123	2019	12	24	6.903837
11111123	2019	12	25	6.9681025
11111123	2019	12	26	6.9442253
11111123	2019	12	27	7.069881
11111123	2019	12	28	6.9676414
11111123	2019	12	29	7.110991
11111123	2019	12	30	6.951786
11111123	2019	12	31	6.9635878
11111123	2020	1	1	6.9540586
11111123	2020	1	2	7.6906223
11111123	2020	1	3	6.9891024
11111123	2020	1	4	6.9692326
11111123	2020	1	5	7.000093
11111123	2020	1	6	6.972963
11111123	2020	1	7	6.951722
11111123	2020	1	8	6.938882
11111123	2020	1	9	6.928585
11111123	2020	1	10	6.918896
11111123	2020	1	11	7.6059074
11111123	2020	1	12	6.8659463
11111123	2020	1	13	8.040426
11111123	2020	1	14	7.918959
11111123	2020	1	15	6.7400894
11111123	2020	1	16	6.9736023
11111123	2020	1	17	7.0041466
11111123	2020	1	18	7.0412416
11111123	2020	1	19	6.965107
11111123	2020	1	20	6.977133
11111123	2020	1	21	6.977973
11111123	2020	1	22	6.9736586
11111123	2020	1	23	7.550412
11111123	2020	1	24	6.9412374
11111123	2020	1	25	7.012195
11111123	2020	1	26	7.0188684
11111123	2020	1	27	6.9912033
11111123	2020	1	28	6.971897
11111123	2020	1	29	6.957765
11111123	2020	1	30	6.945135
11111123	2020	1	31	6.933052
11111123	2020	2	1	6.921165
11111123	2020	2	2	6.90936
11111123	2020	2	3	6.897663
11111123	2020	2	4	6.949054
11111123	2020	2	5	8.002078
11111123	2020	2	6	7.9004183
11111123	2020	2	7	6.7218037
11111123	2020	2	8	6.9286737
11111123	2020	2	9	6.942867
11111123	2020	2	10	8.318926
11111123	2020	2	11	7.13025
11111123	2020	2	12	7.2298336
11111123	2020	2	13	7.4909115
11111123	2020	2	14	6.9777822
11111123	2020	2	15	7.0915284
11111123	2020	2	16	7.150209
11111123	2020	2	17	7.0776863
11111123	2020	2	18	8.140173
11111123	2020	2	19	6.9696026
11111123	2020	2	20	7.834548
11111123	2020	2	21	7.0327873
11111123	2020	2	22	7.1786637
11111123	2020	2	23	7.192788
11111123	2020	2	24	7.401703
11111123	2020	2	25	7.119532
11111123	2020	2	26	7.1998825
11111123	2020	2	27	7.1405168
11111123	2020	2	28	7.122836
11111123	2020	2	29	7.0997815
11111123	2020	3	1	7.075969
11111123	2020	3	2	7.3653355
11111123	2020	3	3	8.204076
11111123	2020	3	4	7.675181
11111123	2020	3	5	7.830941
11111123	2020	3	6	6.9431953
11111123	2020	3	7	7.153879
11111123	2020	3	8	7.154171
11111123	2020	3	9	7.109175
11111123	2020	3	10	7.186126
11111123	2020	3	11	7.0856037
11111123	2020	3	12	7.092236
11111123	2020	3	13	7.10015
11111123	2020	3	14	7.0700607
11111123	2020	3	15	7.056085
11111123	2020	3	16	7.0390496
11111123	2020	3	17	7.02086
11111123	2020	3	18	7.0027847
11111123	2020	3	19	6.9850264
11111123	2020	3	20	7.2358603
11111123	2020	3	21	7.0346713
11111123	2020	3	22	7.054986
11111123	2020	3	23	7.0182853
11111123	2020	3	24	6.996704
11111123	2020	3	25	7.10452
11111123	2020	3	26	6.9450235
11111123	2020	3	27	6.9466653
11111123	2020	3	28	6.9330654
11111123	2020	3	29	6.93715
11111123	2020	3	30	6.9052434
11111123	2020	3	31	7.2082577
11111123	2020	4	1	6.896508
11111123	2020	4	2	6.9163055
11111123	2020	4	3	6.9080977
11111123	2020	4	4	6.8901997
11111123	2020	4	5	6.8776035
11111123	2020	4	6	6.8678417
11111123	2020	4	7	6.9870496
11111123	2020	4	8	7.7484474
11111123	2020	4	9	6.829079
11111123	2020	4	10	6.899558
11111123	2020	4	11	6.9188247
11111123	2020	4	12	7.340089
11111123	2020	4	13	6.9150047
11111123	2020	4	14	6.927538
11111123	2020	4	15	6.933782
11111123	2020	4	16	6.9172883
11111123	2020	4	17	6.905946
11111123	2020	4	18	6.903372
11111123	2020	4	19	9.111785
11111123	2020	4	20	6.6706705
11111123	2020	4	21	6.8248196
11111123	2020	4	22	6.969082
11111123	2020	4	23	7.97173
11111123	2020	4	24	6.792735
11111123	2020	4	25	6.9549165
11111123	2020	4	26	6.998914
11111123	2020	4	27	6.9771185
11111123	2020	4	28	6.9663877
11111123	2020	4	29	7.0956516
11111123	2020	4	30	6.95699
11111123	2020	5	1	6.9678345
11111123	2020	5	2	6.95989
11111123	2020	5	3	6.9454823
11111123	2020	5	4	6.932848
11111123	2020	5	5	6.920985
11111123	2020	5	6	6.9092836
11111123	2020	5	7	6.897699
11111123	2020	5	8	6.8862705
11111123	2020	5	9	6.8750615
11111123	2020	5	10	6.8641424
11111123	2020	5	11	6.853574
11111123	2020	5	12	6.8434
11111123	2020	5	13	6.833652
11111123	2020	5	14	6.8243437
11111123	2020	5	15	6.815479
11111123	2020	5	16	6.8070507
11111123	2020	5	17	6.8851614
11111123	2020	5	18	6.882486
11111123	2020	5	19	6.809123
11111123	2020	5	20	6.8057275
11111123	2020	5	21	6.8070884
11111123	2020	5	22	6.8103743
11111123	2020	5	23	6.9716597
11111123	2020	5	24	6.800966
11111123	2020	5	25	6.8049035
11111123	2020	5	26	7.0642195
11111123	2020	5	27	7.212309
11111123	2020	5	28	7.1131897
11111123	2020	5	29	6.8746996
11111123	2020	5	30	6.8958097
11111123	2020	5	31	6.8820457
11111123	2020	6	1	6.8669395
11111123	2020	6	2	6.8597965
11111123	2020	6	3	6.8554378
11111123	2020	6	4	6.851336
11111123	2020	6	5	6.8679504
11111123	2020	6	6	6.843943
11111123	2020	6	7	6.8393574
11111123	2020	6	8	7.283866
11111123	2020	6	9	7.0835853
11111123	2020	6	10	7.126424
11111123	2020	6	11	6.9094057
11111123	2020	6	12	6.920727
11111123	2020	6	13	6.90543
11111123	2020	6	14	6.8890343
11111123	2020	6	15	6.92222
11111123	2020	6	16	6.877282
11111123	2020	6	17	6.8749967
11111123	2020	6	18	6.8736367
11111123	2020	6	19	6.860803
11111123	2020	6	20	6.853288
11111123	2020	6	21	6.855892
11111123	2020	6	22	7.202748
11111123	2020	6	23	7.049719
11111123	2020	6	24	7.1000967
11111123	2020	6	25	6.9662642
11111123	2020	6	26	6.9142203
11111123	2020	6	27	6.905823
11111123	2020	6	28	6.889881
11111123	2020	6	29	6.90491
11111123	2020	6	30	6.969206
11111123	2020	7	1	7.031886
11111123	2020	7	2	6.88955
11111123	2020	7	3	6.8960743
11111123	2020	7	4	6.885574
11111123	2020	7	5	6.8722777
11111123	2020	7	6	6.867538
11111123	2020	7	7	6.9398184
11111123	2020	7	8	6.855387
11111123	2020	7	9	6.8535733
11111123	2020	7	10	6.844859
11111123	2020	7	11	6.8345027
11111123	2020	7	12	7.044195
11111123	2020	7	13	6.836768
11111123	2020	7	14	9.633098
11111123	2020	7	15	7.5260897
11111123	2020	7	16	7.5574408
11111123	2020	7	17	7.437841
11111123	2020	7	18	7.324073
11111123	2020	7	19	7.2083015
11111123	2020	7	20	7.5354166
11111123	2020	7	21	8.311191
11111123	2020	7	22	7.042128
11111123	2020	7	23	7.1249666
11111123	2020	7	24	7.0596795
11111123	2020	7	25	7.501354
11111123	2020	7	26	6.9834485
11111123	2020	7	27	6.9999294
11111123	2020	7	28	7.076682
11111123	2020	7	29	7.005407
11111123	2020	7	30	6.944555
11111123	2020	7	31	6.9300127
11111123	2020	8	1	6.9104133
11111123	2020	8	2	6.892639
11111123	2020	8	3	6.8775167
11111123	2020	8	4	6.863886
11111123	2020	8	5	6.9896517
11111123	2020	8	6	6.854176
11111123	2020	8	7	6.852068
11111123	2020	8	8	6.840683
11111123	2020	8	9	6.8271756
11111123	2020	8	10	6.816387
11111123	2020	8	11	6.866939
11111123	2020	8	12	7.4303665
11111123	2020	8	13	6.8107376
11111123	2020	8	14	6.85284
11111123	2020	8	15	6.886319
11111123	2020	8	16	6.838601
11111123	2020	8	17	6.830638
11111123	2020	8	18	6.824335
11111123	2020	8	19	7.0159173
11111123	2020	8	20	6.8527765
11111123	2020	8	21	7.461073
11111123	2020	8	22	6.980311
11111123	2020	8	23	6.950405
11111123	2020	8	24	6.9201746
11111123	2020	8	25	6.9890723
11111123	2020	8	26	6.8950114
11111123	2020	8	27	6.8945956
11111123	2020	8	28	7.017459
11111123	2020	8	29	6.889722
11111123	2020	8	30	7.5725107
11111123	2020	8	31	7.128975
11111123	2020	9	1	6.9309263
11111123	2020	9	2	9.425632
11111123	2020	9	3	7.5174465
11111123	2020	9	4	7.6282225
11111123	2020	9	5	7.5373874
11111123	2020	9	6	7.430718
11111123	2020	9	7	7.3217587
11111123	2020	9	8	7.223888
11111123	2020	9	9	7.139519
11111123	2020	9	10	7.442172
11111123	2020	9	11	7.1717043
11111123	2020	9	12	7.033414
11111123	2020	9	13	7.0021377
11111123	2020	9	14	6.9588575
11111123	2020	9	15	6.951774
11111123	2020	9	16	7.7563353
11111123	2020	9	17	7.1173244
11111123	2020	9	18	6.936916
11111123	2020	9	19	6.965712
11111123	2020	9	20	6.93559
11111123	2020	9	21	6.909492
11111123	2020	9	22	6.894616
11111123	2020	9	23	6.8839073
11111123	2020	9	24	7.485935
11111123	2020	9	25	6.869157
11111123	2020	9	26	6.9192157
11111123	2020	9	27	6.9207935
11111123	2020	9	28	6.9468184
11111123	2020	9	29	6.9419775
11111123	2020	9	30	6.887792
11111123	2020	10	1	6.883691
11111123	2020	10	2	6.8736567
11111123	2020	10	3	6.8632207
11111123	2020	10	4	6.8540454
11111123	2020	10	5	6.845388
11111123	2020	10	6	6.8369226
11111123	2020	10	7	6.8285866
11111123	2020	10	8	6.820388
11111123	2020	10	9	7.5404997
11111123	2020	10	10	7.32414
11111123	2020	10	11	6.912612
11111123	2020	10	12	6.9104166
11111123	2020	10	13	6.908333
11111123	2020	10	14	6.885607
11111123	2020	10	15	6.874308
11111123	2020	10	16	6.8697796
11111123	2020	10	17	6.8667827
11111123	2020	10	18	6.863512
11111123	2020	10	19	6.859353
11111123	2020	10	20	6.8541822
11111123	2020	10	21	6.8481183
11111123	2020	10	22	6.8413715
11111123	2020	10	23	6.8341594
11111123	2020	10	24	7.746821
11111123	2020	10	25	6.776147
11111123	2020	10	26	6.860266
11111123	2020	10	27	6.9717636
11111123	2020	10	28	7.8016443
11111123	2020	10	29	6.8758254
11111123	2020	10	30	6.904077
11111123	2020	10	31	6.942279
11111123	2020	11	1	6.920962
11111123	2020	11	2	6.908155
11111123	2020	11	3	6.9026794
11111123	2020	11	4	6.8983483
11111123	2020	11	5	6.893517
11111123	2020	11	6	6.8877425
11111123	2020	11	7	6.8809657
11111123	2020	11	8	6.8733425
11111123	2020	11	9	6.8651023
11111123	2020	11	10	6.856473
11111123	2020	11	11	6.9491014
11111123	2020	11	12	6.849429
11111123	2020	11	13	6.847768
11111123	2020	11	14	6.8385057
11111123	2020	11	15	6.8274174
11111123	2020	11	16	6.8182435
11111123	2020	11	17	6.810156
11111123	2020	11	18	6.8026104
11111123	2020	11	19	6.795421
11111123	2020	11	20	6.7885
11111123	2020	11	21	6.781805
11111123	2020	11	22	6.7753215
11111123	2020	11	23	6.7690463
11111123	2020	11	24	6.762977
11111123	2020	11	25	7.178956
11111123	2020	11	26	6.8077517
11111123	2020	11	27	7.2627754
11111123	2020	11	28	6.8185444
11111123	2020	11	29	7.7168484
11111123	2020	11	30	6.787841
11111123	2020	12	1	6.8745956
11111123	2020	12	2	6.8962154
11111123	2020	12	3	6.87883
11111123	2020	12	4	7.039651
11111123	2020	12	5	6.879461
11111123	2020	12	6	6.8994937
11111123	2020	12	7	6.89177
11111123	2020	12	8	6.8829846
11111123	2020	12	9	6.8753276
11111123	2020	12	10	6.8679914
11111123	2020	12	11	6.8604794
11111123	2020	12	12	7.1709895
11111123	2020	12	13	6.9085655
11111123	2020	12	14	7.2744613
11111123	2020	12	15	6.9148054
11111123	2020	12	16	7.022584
11111123	2020	12	17	6.9171276
11111123	2020	12	18	6.9100103
11111123	2020	12	19	6.9351096
11111123	2020	12	20	6.8897095
11111123	2020	12	21	6.884634
11111123	2020	12	22	6.8768253
11111123	2020	12	23	6.868102
11111123	2020	12	24	7.4995933
11111123	2020	12	25	6.842704
11111123	2020	12	26	6.900068
11111123	2020	12	27	6.9042964
11111123	2020	12	28	6.882765
11111123	2020	12	29	6.8698616
11111123	2020	12	30	6.8614464
11111123	2020	12	31	6.934155
11111123	2021	1	1	6.9777694
11111123	2021	1	2	6.8650713
11111123	2021	1	3	6.8673115
11111123	2021	1	4	6.8571796
11111123	2021	1	5	6.8453865
11111123	2021	1	6	6.8362565
11111123	2021	1	7	6.946824
11111123	2021	1	8	6.859972
11111123	2021	1	9	6.837231
11111123	2021	1	10	6.8310747
11111123	2021	1	11	7.062086
11111123	2021	1	12	6.832147
11111123	2021	1	13	6.840982
11111123	2021	1	14	6.833997
11111123	2021	1	15	6.8217936
11111123	2021	1	16	6.8132734
11111123	2021	1	17	6.8065777
11111123	2021	1	18	6.8004465
11111123	2021	1	19	6.7944894
11111123	2021	1	20	6.7885485
11111123	2021	1	21	7.0083103
11111123	2021	1	22	7.0554004
11111123	2021	1	23	6.826338
11111123	2021	1	24	6.847759
11111123	2021	1	25	6.8331194
11111123	2021	1	26	7.2474055
11111123	2021	1	27	7.2638435
11111123	2021	1	28	6.8573585
11111123	2021	1	29	6.902683
11111123	2021	1	30	6.8950562
11111123	2021	1	31	6.995323
11111123	2021	2	1	6.876798
11111123	2021	2	2	6.883325
11111123	2021	2	3	6.878851
11111123	2021	2	4	6.870634
11111123	2021	2	5	6.906185
11111123	2021	2	6	7.1449203
11111123	2021	2	7	6.9095383
11111123	2021	2	8	6.8940988
11111123	2021	2	9	6.938028
11111123	2021	2	10	6.8787656
11111123	2021	2	11	7.206301
11111123	2021	2	12	6.880314
11111123	2021	2	13	7.1929417
11111123	2021	2	14	6.9019346
11111123	2021	2	15	7.1284657
11111123	2021	2	16	6.916681
11111123	2021	2	17	7.0257087
11111123	2021	2	18	7.323702
11111123	2021	2	19	6.913687
11111123	2021	2	20	6.9551516
11111123	2021	2	21	6.950248
11111123	2021	2	22	6.9511104
11111123	2021	2	23	6.918549
11111123	2021	2	24	6.911126
11111123	2021	2	25	6.90201
11111123	2021	2	26	6.892306
11111123	2021	2	27	6.882798
11111123	2021	2	28	6.8732715
11111123	2021	3	1	6.965165
11111123	2021	3	2	7.2458205
11111123	2021	3	3	6.873305
11111123	2021	3	4	6.899283
11111123	2021	3	5	6.890765
11111123	2021	3	6	6.871541
11111123	2021	3	7	6.859279
11111123	2021	3	8	6.8504906
11111123	2021	3	9	6.842806
11111123	2021	3	10	6.8355074
11111123	2021	3	11	6.8282895
11111123	2021	3	12	6.821044
11111123	2021	3	13	6.813773
11111123	2021	3	14	6.8065233
11111123	2021	3	15	6.9073944
11111123	2021	3	16	7.5832825
11111123	2021	3	17	8.0134945
11111123	2021	3	18	6.684379
11111123	2021	3	19	6.8498526
11111123	2021	3	20	6.8917446
11111123	2021	3	21	6.870259
11111123	2021	3	22	6.865971
11111123	2021	3	23	7.153716
11111123	2021	3	24	6.9102526
11111123	2021	3	25	8.104964
11111123	2021	3	26	6.8247094
11111123	2021	3	27	6.931138
11111123	2021	3	28	7.2623024
11111123	2021	3	29	6.957902
11111123	2021	3	30	7.137105
11111123	2021	3	31	7.6634035
11111123	2021	4	1	6.9195356
11111123	2021	4	2	7.0396223
11111123	2021	4	3	7.052192
11111123	2021	4	4	7.023592
11111123	2021	4	5	7.0058527
11111123	2021	4	6	6.993235
11111123	2021	4	7	6.981321
11111123	2021	4	8	7.0055447
11111123	2021	4	9	6.9640102
11111123	2021	4	10	7.6200047
11111123	2021	4	11	6.8993044
11111123	2021	4	12	6.9793167
11111123	2021	4	13	6.983307
11111123	2021	4	14	6.9539423
11111123	2021	4	15	6.9351234
11111123	2021	4	16	6.9220963
11111123	2021	4	17	6.910776
11111123	2021	4	18	6.900152
11111123	2021	4	19	6.889808
11111123	2021	4	20	6.879574
11111123	2021	4	21	6.869438
11111123	2021	4	22	6.864688
11111123	2021	4	23	6.8607926
11111123	2021	4	24	7.899822
11111123	2021	4	25	6.751725
11111123	2021	4	26	6.857903
11111123	2021	4	27	6.886932
11111123	2021	4	28	6.865222
11111123	2021	4	29	6.854526
11111123	2021	4	30	6.849572
11111123	2021	5	1	6.8454227
11111123	2021	5	2	6.841138
11111123	2021	5	3	7.080127
11111123	2021	5	4	7.6339426
11111123	2021	5	5	6.8218746
11111123	2021	5	6	6.9047475
11111123	2021	5	7	6.915678
11111123	2021	5	8	6.8920646
11111123	2021	5	9	6.89086
11111123	2021	5	10	7.2514486
11111123	2021	5	11	6.878928
11111123	2021	5	12	7.0807977
11111123	2021	5	13	7.015083
11111123	2021	5	14	6.9281225
11111123	2021	5	15	6.9292107
11111123	2021	5	16	6.916102
11111123	2021	5	17	6.9032216
11111123	2021	5	18	6.893468
11111123	2021	5	19	6.884761
11111123	2021	5	20	6.8761854
11111123	2021	5	21	6.8674994
11111123	2021	5	22	6.858666
11111123	2021	5	23	6.8497434
11111123	2021	5	24	6.840823
11111123	2021	5	25	6.831998
11111123	2021	5	26	6.823346
11111123	2021	5	27	6.884473
11111123	2021	5	28	6.98278
11111123	2021	5	29	6.828125
11111123	2021	5	30	6.830235
11111123	2021	5	31	6.8204317
11111123	2021	6	1	6.8462286
11111123	2021	6	2	6.821378
11111123	2021	6	3	7.5861373
11111123	2021	6	4	6.783647
11111123	2021	6	5	6.8464384
11111123	2021	6	6	7.5184937
11111123	2021	6	7	7.1316514
11111123	2021	6	8	6.9987106
11111123	2021	6	9	6.98932
11111123	2021	6	10	7.140627
11111123	2021	6	11	7.1726675
11111123	2021	6	12	6.9583335
11111123	2021	6	13	6.980677
11111123	2021	6	14	6.974986
11111123	2021	6	15	6.9599347
11111123	2021	6	16	6.9494762
11111123	2021	6	17	6.9407325
11111123	2021	6	18	6.968498
11111123	2021	6	19	7.950988
11111123	2021	6	20	6.9217834
11111123	2021	6	21	6.953436
11111123	2021	6	22	7.1891665
11111123	2021	6	23	6.962721
11111123	2021	6	24	6.9721375
11111123	2021	6	25	6.963829
11111123	2021	6	26	6.949203
11111123	2021	6	27	6.995942
11111123	2021	6	28	6.932754
11111123	2021	6	29	7.1050982
11111123	2021	6	30	7.3813267
11111123	2021	7	1	6.9236593
11111123	2021	7	2	7.096265
11111123	2021	7	3	6.970435
11111123	2021	7	4	6.9614387
11111123	2021	7	5	6.9461484
11111123	2021	7	6	7.637436
11111123	2021	7	7	6.9147754
11111123	2021	7	8	6.9642673
11111123	2021	7	9	6.9794307
11111123	2021	7	10	7.112533
11111123	2021	7	11	7.0331182
11111123	2021	7	12	7.3911037
11111123	2021	7	13	6.9490943
11111123	2021	7	14	6.99599
11111123	2021	7	15	6.986784
11111123	2021	7	16	6.9633937
11111123	2021	7	17	6.9942923
11111123	2021	7	18	7.090627
11111123	2021	7	19	7.0164027
11111123	2021	7	20	7.0288534
11111123	2021	7	21	6.9839306
11111123	2021	7	22	7.005682
11111123	2021	7	23	7.119671
11111123	2021	7	24	6.937833
11111123	2021	7	25	6.9458942
11111123	2021	7	26	6.9333243
11111123	2021	7	27	6.9372244
11111123	2021	7	28	6.9051895
11111123	2021	7	29	6.8962674
11111123	2021	7	30	6.885862
11111123	2021	7	31	6.875248
11111123	2021	8	1	6.8915205
11111123	2021	8	2	6.9864616
11111123	2021	8	3	6.862469
11111123	2021	8	4	6.8625913
11111123	2021	8	5	6.852251
11111123	2021	8	6	6.8398566
11111123	2021	8	7	6.904931
11111123	2021	8	8	6.8303175
11111123	2021	8	9	6.8272057
11111123	2021	8	10	6.8191986
11111123	2021	8	11	7.3781986
11111123	2021	8	12	6.8141346
11111123	2021	8	13	6.852006
11111123	2021	8	14	6.8529515
11111123	2021	8	15	6.91675
11111123	2021	8	16	7.0632377
11111123	2021	8	17	6.8504043
11111123	2021	8	18	6.965719
11111123	2021	8	19	6.881573
11111123	2021	8	20	6.8747163
11111123	2021	8	21	6.8903503
11111123	2021	8	22	6.8536177
11111123	2021	8	23	6.84845
11111123	2021	8	24	6.8413296
11111123	2021	8	25	6.8338923
11111123	2021	8	26	6.8269386
11111123	2021	8	27	6.841408
11111123	2021	8	28	6.9513583
11111123	2021	8	29	6.9922304
11111123	2021	8	30	7.091035
11111123	2021	8	31	7.5748525
11111123	2021	9	1	7.355586
11111123	2021	9	2	6.878915
11111123	2021	9	3	6.957367
11111123	2021	9	4	6.946874
11111123	2021	9	5	6.933489
11111123	2021	9	6	6.951412
11111123	2021	9	7	6.9148917
11111123	2021	9	8	7.027274
11111123	2021	9	9	6.918374
11111123	2021	9	10	6.9244423
11111123	2021	9	11	6.917291
11111123	2021	9	12	6.905824
11111123	2021	9	13	6.900909
11111123	2021	9	14	6.8970613
11111123	2021	9	15	7.066537
11111123	2021	9	16	7.0358596
11111123	2021	9	17	6.8993835
11111123	2021	9	18	7.2601395
11111123	2021	9	19	7.1980124
11111123	2021	9	20	6.930336
11111123	2021	9	21	6.950781
11111123	2021	9	22	6.9423923
11111123	2021	9	23	6.916932
11111123	2021	9	24	6.90511
11111123	2021	9	25	6.896347
11111123	2021	9	26	6.888317
11111123	2021	9	27	6.880405
11111123	2021	9	28	6.8722606
11111123	2021	9	29	6.863809
11111123	2021	9	30	6.855123
11111123	2021	10	1	6.8463206
11111123	2021	10	2	7.0105343
11111123	2021	10	3	6.9828944
11111123	2021	10	4	8.5553875
11111123	2021	10	5	6.8423815
11111123	2021	10	6	6.8382726
11111123	2021	10	7	7.0414057
11111123	2021	10	8	6.9056993
11111123	2021	10	9	6.9108706
11111123	2021	10	10	6.911364
11111123	2021	10	11	6.909094
11111123	2021	10	12	6.9081297
11111123	2021	10	13	6.9063635
11111123	2021	10	14	6.902854
11111123	2021	10	15	6.9291162
11111123	2021	10	16	6.8991823
11111123	2021	10	17	6.8897223
11111123	2021	10	18	6.8815317
11111123	2021	10	19	6.871581
11111123	2021	10	20	6.8618555
11111123	2021	10	21	7.361109
11111123	2021	10	22	6.8510423
11111123	2021	10	23	6.888975
11111123	2021	10	24	6.8870196
11111123	2021	10	25	6.867339
11111123	2021	10	26	6.855111
11111123	2021	10	27	6.9429975
11111123	2021	10	28	7.1867285
11111123	2021	10	29	6.89446
11111123	2021	10	30	6.926646
11111123	2021	10	31	6.888662
11111123	2021	11	1	6.8754616
11111123	2021	11	2	6.8639
11111123	2021	11	3	6.854837
11111123	2021	11	4	6.889928
11111123	2021	11	5	6.8454704
11111123	2021	11	6	6.8416786
11111123	2021	11	7	6.8343434
11111123	2021	11	8	6.8260646
11111123	2021	11	9	6.8183923
11111123	2021	11	10	6.8110366
11111123	2021	11	11	6.8466115
11111123	2021	11	12	6.8025827
11111123	2021	11	13	6.7978044
11111123	2021	11	14	6.790556
11111123	2021	11	15	6.78292
11111123	2021	11	16	6.776122
11111123	2021	11	17	6.769832
11111123	2021	11	18	6.7638373
11111123	2021	11	19	6.7580585
11111123	2021	11	20	6.7524557
11111123	2021	11	21	6.7523675
11111123	2021	11	22	7.10787
11111123	2021	11	23	6.7704406
11111123	2021	11	24	6.782442
11111123	2021	11	25	6.849025
11111123	2021	11	26	6.7767773
11111123	2021	11	27	6.773402
11111123	2021	11	28	6.7684917
11111123	2021	11	29	6.7632813
11111123	2021	11	30	6.759162
11111123	2021	12	1	6.7553673
11111123	2021	12	2	6.751481
11111123	2021	12	3	6.7473907
11111123	2021	12	4	6.743088
11111123	2021	12	5	6.7386093
11111123	2021	12	6	7.240443
11111123	2021	12	7	6.7833557
11111123	2021	12	8	6.941272
11111123	2021	12	9	6.865364
11111123	2021	12	10	6.9793787
11111123	2021	12	11	7.4378986
11111123	2021	12	12	6.8211718
11111123	2021	12	13	6.8777695
11111123	2021	12	14	6.883474
11111123	2021	12	15	6.8670573
11111123	2021	12	16	6.8596306
11111123	2021	12	17	6.90405
11111123	2021	12	18	7.1809664
11111123	2021	12	19	6.9284487
11111123	2021	12	20	6.9014506
11111123	2021	12	21	6.9134765
11111123	2021	12	22	6.8886247
11111123	2021	12	23	6.8775964
11111123	2021	12	24	6.868841
11111123	2021	12	25	6.8607764
11111123	2021	12	26	6.8530354
11111123	2021	12	27	6.8505645
11111123	2021	12	28	6.8486347
11111123	2021	12	29	6.917538
11111123	2021	12	30	7.474865
11111123	2021	12	31	6.8416986
11111123	2022	1	1	6.884906
11111123	2022	1	2	7.7458115
11111123	2022	1	3	6.806329
11111123	2022	1	4	6.9008007
11111123	2022	1	5	6.9222894
11111123	2022	1	6	6.9070115
11111123	2022	1	7	6.8919554
11111123	2022	1	8	6.8873153
11111123	2022	1	9	7.394746
11111123	2022	1	10	6.8725996
11111123	2022	1	11	6.9258003
11111123	2022	1	12	6.9277678
11111123	2022	1	13	6.907808
11111123	2022	1	14	6.8950357
11111123	2022	1	15	7.3868117
11111123	2022	1	16	7.2446966
11111123	2022	1	17	6.914734
11111123	2022	1	18	6.9651556
11111123	2022	1	19	6.987486
11111123	2022	1	20	7.3080335
11111123	2022	1	21	6.9159584
11111123	2022	1	22	6.9585476
11111123	2022	1	23	6.955594
11111123	2022	1	24	6.936659
11111123	2022	1	25	6.9291573
11111123	2022	1	26	6.9145107
11111123	2022	1	27	6.905729
11111123	2022	1	28	6.896333
11111123	2022	1	29	6.8866158
11111123	2022	1	30	6.876823
11111123	2022	1	31	6.8669944
11111123	2022	2	1	6.8572097
11111123	2022	2	2	7.1142726
11111123	2022	2	3	8.128952
11111123	2022	2	4	6.840143
11111123	2022	2	5	6.8618836
11111123	2022	2	6	6.9245977
11111123	2022	2	7	6.900471
11111123	2022	2	8	6.886526
11111123	2022	2	9	6.8830013
11111123	2022	2	10	6.8813953
11111123	2022	2	11	6.8793464
11111123	2022	2	12	6.8761563
11111123	2022	2	13	6.87165
11111123	2022	2	14	6.865961
11111123	2022	2	15	6.8593426
11111123	2022	2	16	6.8520627
11111123	2022	2	17	7.6334877
11111123	2022	2	18	6.80909
11111123	2022	2	19	6.8828473
11111123	2022	2	20	6.894707
11111123	2022	2	21	7.2521367
11111123	2022	2	22	6.8945107
11111123	2022	2	23	7.074813
11111123	2022	2	24	6.91226
11111123	2022	2	25	7.0608525
11111123	2022	2	26	6.9139476
11111123	2022	2	27	6.933646
11111123	2022	2	28	6.9107137
11111123	2022	3	1	6.900487
11111123	2022	3	2	6.891106
11111123	2022	3	3	6.8822613
11111123	2022	3	4	6.873747
11111123	2022	3	5	6.8652105
11111123	2022	3	6	6.8565483
11111123	2022	3	7	7.058998
11111123	2022	3	8	7.228571
11111123	2022	3	9	7.135351
11111123	2022	3	10	6.911465
11111123	2022	3	11	7.164584
11111123	2022	3	12	7.004285
11111123	2022	3	13	6.928226
11111123	2022	3	14	6.930534
11111123	2022	3	15	7.282066
11111123	2022	3	16	7.0875053
11111123	2022	3	17	6.9450893
11111123	2022	3	18	7.4699183
11111123	2022	3	19	6.9282117
11111123	2022	3	20	6.9848723
11111123	2022	3	21	6.995815
11111123	2022	3	22	7.402606
11111123	2022	3	23	7.27017
11111123	2022	3	24	6.9708757
11111123	2022	3	25	7.0265155
11111123	2022	3	26	7.011239
11111123	2022	3	27	6.9854903
11111123	2022	3	28	6.9695597
11111123	2022	3	29	6.9576125
11111123	2022	3	30	7.7183037
11111123	2022	3	31	6.9492207
11111123	2022	4	1	6.9778976
11111123	2022	4	2	7.001416
11111123	2022	4	3	6.9724474
11111123	2022	4	4	6.951541
11111123	2022	4	5	8.50417
11111123	2022	4	6	6.929003
11111123	2022	4	7	6.8768325
11111123	2022	4	8	6.9964137
11111123	2022	4	9	6.973359
11111123	2022	4	10	6.9525404
11111123	2022	4	11	6.9459863
11111123	2022	4	12	6.9425783
11111123	2022	4	13	7.2090716
11111123	2022	4	14	6.947334
11111123	2022	4	15	6.967684
11111123	2022	4	16	7.7768617
11111123	2022	4	17	7.4950504
11111123	2022	4	18	6.917774
11111123	2022	4	19	7.0366144
11111123	2022	4	20	7.031246
11111123	2022	4	21	7.018058
11111123	2022	4	22	6.9812136
11111123	2022	4	23	6.975168
11111123	2022	4	24	6.992997
11111123	2022	4	25	6.9597178
11111123	2022	4	26	7.1639037
11111123	2022	4	27	6.949393
11111123	2022	4	28	6.9644723
11111123	2022	4	29	6.9539037
11111123	2022	4	30	6.9354343
11111123	2022	5	1	6.9312267
11111123	2022	5	2	6.909319
11111123	2022	5	3	6.8986907
11111123	2022	5	4	6.8874836
11111123	2022	5	5	6.876383
11111123	2022	5	6	6.9025493
11111123	2022	5	7	6.859626
11111123	2022	5	8	6.8524694
11111123	2022	5	9	6.84271
11111123	2022	5	10	6.832651
11111123	2022	5	11	6.823613
11111123	2022	5	12	6.8152733
11111123	2022	5	13	6.807418
11111123	2022	5	14	6.8212175
11111123	2022	5	15	6.833099
11111123	2022	5	16	6.795107
11111123	2022	5	17	6.7900586
11111123	2022	5	18	6.7828517
11111123	2022	5	19	6.775783
11111123	2022	5	20	6.8397903
11111123	2022	5	21	6.784626
11111123	2022	5	22	6.7891035
11111123	2022	5	23	7.6967683
11111123	2022	5	24	6.889853
11111123	2022	5	25	7.310456
11111123	2022	5	26	7.3330975
11111123	2022	5	27	6.865998
11111123	2022	5	28	6.9295607
11111123	2022	5	29	6.9268355
11111123	2022	5	30	6.9103208
11111123	2022	5	31	6.905141
11111123	2022	6	1	6.9036074
11111123	2022	6	2	6.922654
11111123	2022	6	3	7.092877
11111123	2022	6	4	6.9072943
11111123	2022	6	5	6.9216623
11111123	2022	6	6	7.0101566
11111123	2022	6	7	6.907114
11111123	2022	6	8	6.985071
11111123	2022	6	9	6.9018497
11111123	2022	6	10	6.8970637
11111123	2022	6	11	6.886272
11111123	2022	6	12	6.874237
11111123	2022	6	13	6.863906
11111123	2022	6	14	6.8544292
11111123	2022	6	15	7.0961576
11111123	2022	6	16	6.854572
11111123	2022	6	17	6.88606
11111123	2022	6	18	6.8588896
11111123	2022	6	19	6.845958
11111123	2022	6	20	6.835355
11111123	2022	6	21	6.826495
11111123	2022	6	22	6.8187895
11111123	2022	6	23	6.8116264
11111123	2022	6	24	6.8046994
11111123	2022	6	25	6.797895
11111123	2022	6	26	6.7911854
11111123	2022	6	27	7.2917027
11111123	2022	6	28	6.8001986
11111123	2022	6	29	6.827882
11111123	2022	6	30	6.8265343
11111123	2022	7	1	6.827274
11111123	2022	7	2	6.8045073
11111123	2022	7	3	6.799915
11111123	2022	7	4	6.795098
11111123	2022	7	5	6.7902126
11111123	2022	7	6	6.785446
11111123	2022	7	7	6.7805595
11111123	2022	7	8	7.0127864
11111123	2022	7	9	7.7383394
11111123	2022	7	10	6.752255
11111123	2022	7	11	6.9310665
11111123	2022	7	12	6.866975
11111123	2022	7	13	6.856166
11111123	2022	7	14	6.869818
11111123	2022	7	15	6.845996
11111123	2022	7	16	6.8449917
11111123	2022	7	17	6.8422074
11111123	2022	7	18	6.838232
11111123	2022	7	19	6.8336973
11111123	2022	7	20	6.828475
11111123	2022	7	21	6.8226137
11111123	2022	7	22	6.816264
11111123	2022	7	23	6.809586
11111123	2022	7	24	6.80272
11111123	2022	7	25	6.7957854
11111123	2022	7	26	6.7888727
11111123	2022	7	27	6.782049
11111123	2022	7	28	6.775364
11111123	2022	7	29	6.7688475
11111123	2022	7	30	6.76252
11111123	2022	7	31	6.7563906
11111123	2022	8	1	6.750462
11111123	2022	8	2	6.744732
11111123	2022	8	3	6.739195
11111123	2022	8	4	6.7338424
11111123	2022	8	5	6.728665
11111123	2022	8	6	6.723652
11111123	2022	8	7	6.7187943
11111123	2022	8	8	6.7140813
11111123	2022	8	9	6.7095046
11111123	2022	8	10	6.705056
11111123	2022	8	11	6.7007284
11111123	2022	8	12	6.696517
11111123	2022	8	13	6.6924157
11111123	2022	8	14	6.6884227
11111123	2022	8	15	6.684535
11111123	2022	8	16	6.680752
11111123	2022	8	17	6.6770716
11111123	2022	8	18	6.6734962
11111123	2022	8	19	6.6700263
11111123	2022	8	20	6.666663
11111123	2022	8	21	6.663408
11111123	2022	8	22	6.6602626
11111123	2022	8	23	6.6572294
11111123	2022	8	24	6.6543093
11111123	2022	8	25	6.6515045
11111123	2022	8	26	6.648815
11111123	2022	8	27	6.646243
11111123	2022	8	28	6.6437874
11111123	2022	8	29	6.641449
11111123	2022	8	30	6.6392264
11111123	2022	8	31	6.6371193
11111123	2022	9	1	6.635126
11111123	2022	9	2	6.6332445
11111123	2022	9	3	6.6314716
11111123	2022	9	4	6.629806
11111123	2022	9	5	6.6282444
11111123	2022	9	6	6.626783
11111123	2022	9	7	6.625418
11111123	2022	9	8	6.6241465
11111123	2022	9	9	6.6229644
11111123	2022	9	10	6.6218677
11111123	2022	9	11	6.6208525
11111123	2022	9	12	6.619914
11111123	2022	9	13	6.6190486
11111123	2022	9	14	9.5420685
11111123	2022	9	15	9.659537
11111123	2022	9	16	7.453683
11111123	2022	9	17	7.4158926
11111123	2022	9	18	7.2732286
11111123	2022	9	19	7.1524677
11111123	2022	9	20	7.033725
11111123	2022	9	21	6.93075
11111123	2022	9	22	6.8450246
11111123	2022	9	23	6.7753973
11111123	2022	9	24	6.719513
11111123	2022	9	25	6.6747975
11111123	2022	9	26	6.6389227
11111123	2022	9	27	6.6099744
11111123	2022	9	28	6.586463
11111123	2022	9	29	6.567265
11111123	2022	9	30	6.5515485
11111123	2022	10	1	6.538698
11111123	2022	10	2	6.528257
11111123	2022	10	3	6.5198793
11111123	2022	10	4	6.513298
11111123	2022	10	5	6.5082974
11111123	2022	10	6	6.504695
11111123	2022	10	7	6.5023327
11111123	2022	10	8	6.501067
11111123	2022	10	9	6.5007668
11111123	2022	10	10	6.501308
11111123	2022	10	11	6.502577
11111123	2022	10	12	6.5044665
11111123	2022	10	13	6.506878
11111123	2022	10	14	6.50972
11111123	2022	10	15	6.512909
11111123	2022	10	16	6.516371
11111123	2022	10	17	6.5200377
11111123	2022	10	18	6.5238504
11111123	2022	10	19	6.5277567
11111123	2022	10	20	6.531711
11111123	2022	10	21	6.5356746
11111123	2022	10	22	6.5396137
11111123	2022	10	23	6.5435004
11111123	2022	10	24	6.5473113
11111123	2022	10	25	6.5510283
11111123	2022	10	26	6.554635
11111123	2022	10	27	6.5581203
11111123	2022	10	28	6.5614758
11111123	2022	10	29	6.564695
11111123	2022	10	30	6.567773
11111123	2022	10	31	6.5707088
11111123	2022	11	1	6.573501
11111123	2022	11	2	6.576151
11111123	2022	11	3	6.57866
11111123	2022	11	4	6.581031
11111123	2022	11	5	6.583267
11111123	2022	11	6	6.585373
11111123	2022	11	7	6.5873528
11111123	2022	11	8	6.5892105
11111123	2022	11	9	6.590952
11111123	2022	11	10	6.5925817
11111123	2022	11	11	6.5941052
11111123	2022	11	12	6.5955276
11111123	2022	11	13	6.5968537
11111123	2022	11	14	6.5980883
11111123	2022	11	15	6.599237
11111123	2022	11	16	6.600304
11111123	2022	11	17	6.6012945
11111123	2022	11	18	6.6022124
11111123	2022	11	19	6.603062
11111123	2022	11	20	6.603848
11111123	2022	11	21	6.6045737
11111123	2022	11	22	6.605243
11111123	2022	11	23	6.60586
11111123	2022	11	24	6.6064277
11111123	2022	11	25	6.6069493
11111123	2022	11	26	6.6074276
11111123	2022	11	27	6.6078663
11111123	2022	11	28	6.6082673
11111123	2022	11	29	6.608634
11111123	2022	11	30	6.608968
11111123	2022	12	1	6.609272
11111123	2022	12	2	6.6095486
11111123	2022	12	3	6.6097984
11111123	2022	12	4	6.6100254
11111123	2022	12	5	6.61023
11111123	2022	12	6	6.610414
11111123	2022	12	7	6.6105795
11111123	2022	12	8	6.6107273
11111123	2022	12	9	6.61086
11111123	2022	12	10	6.610977
11111123	2022	12	11	6.611081
11111123	2022	12	12	
11111123	2022	12	13	
11111123	2022	12	14	
11111123	2022	12	15	
11111123	2022	12	16	
11111123	2022	12	17	
11111123	2022	12	18	
11111123	2022	12	19	
11111123	2022	12	20	
11111123	2022	12	21	
11111123	2022	12	22	
11111123	2022	12	23	
11111123	2022	12	24	
11111123	2022	12	25	
11111123	2022	12	26	
11111123	2022	12	27	
11111123	2022	12	28	
11111123	2022	12	29	
11111123	2022	12	30	
11111123	2022	12	31	
11111123	2023	1	1	
11111123	2023	1	2	
11111123	2023	1	3	
11111123	2023	1	4	
11111123	2023	1	5	
11111123	2023	1	6	
11111123	2023	1	7	
11111123	2023	1	8	
11111123	2023	1	9	
11111123	2023	1	10	
11111123	2023	1	11	
11111123	2023	1	12	
11111123	2023	1	13	
11111123	2023	1	14	
11111123	2023	1	15	
11111123	2023	1	16	
11111123	2023	1	17	
11111123	2023	1	18	
11111123	2023	1	19	
11111123	2023	1	20	
11111123	2023	1	21	
11111123	2023	1	22	
11111123	2023	1	23	
11111123	2023	1	24	
11111123	2023	1	25	
11111123	2023	1	26	
11111123	2023	1	27	
11111123	2023	1	28	
11111123	2023	1	29	
11111123	2023	1	30	
11111123	2023	1	31	
11111123	2023	2	1	
11111123	2023	2	2	
11111123	2023	2	3	
11111123	2023	2	4	
11111123	2023	2	5	
11111123	2023	2	6	
11111123	2023	2	7	
11111123	2023	2	8	
11111123	2023	2	9	
11111123	2023	2	10	
11111123	2023	2	11	
11111123	2023	2	12	
11111123	2023	2	13	
11111123	2023	2	14	
11111123	2023	2	15	
11111123	2023	2	16	
11111123	2023	2	17	
11111123	2023	2	18	
11111123	2023	2	19	
11111123	2023	2	20	
11111123	2023	2	21	
11111123	2023	2	22	
11111123	2023	2	23	
11111123	2023	2	24	
11111123	2023	2	25	
11111123	2023	2	26	
11111123	2023	2	27	
11111123	2023	2	28	
11111123	2023	3	1	
11111123	2023	3	2	
11111123	2023	3	3	
11111123	2023	3	4	
11111123	2023	3	5	
11111123	2023	3	6	
11111123	2023	3	7	
11111123	2023	3	8	
11111123	2023	3	9	
11111123	2023	3	10	
11111123	2023	3	11	
11111123	2023	3	12	
11111123	2023	3	13	
11111123	2023	3	14	
11111123	2023	3	15	
11111123	2023	3	16	
11111123	2023	3	17	
11111123	2023	3	18	
11111123	2023	3	19	
11111123	2023	3	20	
11111123	2023	3	21	
11111123	2023	3	22	
11111123	2023	3	23	
11111123	2023	3	24	
11111123	2023	3	25	
11111123	2023	3	26	
11111123	2023	3	27	
11111123	2023	3	28	
11111123	2023	3	29	
11111123	2023	3	30	
11111123	2023	3	31	
11111123	2023	4	1	
11111123	2023	4	2	
11111123	2023	4	3	
11111123	2023	4	4	
11111123	2023	4	5	
11111123	2023	4	6	
11111123	2023	4	7	
11111123	2023	4	8	
11111123	2023	4	9	
11111123	2023	4	10	
11111123	2023	4	11	
11111123	2023	4	12	
11111123	2023	4	13	
11111123	2023	4	14	
11111123	2023	4	15	
11111123	2023	4	16	
11111123	2023	4	17	
11111123	2023	4	18	
11111123	2023	4	19	
11111123	2023	4	20	
11111123	2023	4	21	
11111123	2023	4	22	
11111123	2023	4	23	
11111123	2023	4	24	
11111123	2023	4	25	
11111123	2023	4	26	
11111123	2023	4	27	
11111123	2023	4	28	
11111123	2023	4	29	
11111123	2023	4	30	
11111123	2023	5	1	
11111123	2023	5	2	
11111123	2023	5	3	
11111123	2023	5	4	
11111123	2023	5	5	
11111123	2023	5	6	
11111123	2023	5	7	
11111123	2023	5	8	
11111123	2023	5	9	
11111123	2023	5	10	
11111123	2023	5	11	
11111123	2023	5	12	
11111123	2023	5	13	
11111123	2023	5	14	
11111123	2023	5	15	
11111123	2023	5	16	
11111123	2023	5	17	
11111123	2023	5	18	
11111123	2023	5	19	
11111123	2023	5	20	
11111123	2023	5	21	
11111123	2023	5	22	
11111123	2023	5	23	
11111123	2023	5	24	
11111123	2023	5	25	
11111123	2023	5	26	
11111123	2023	5	27	
11111123	2023	5	28	
11111123	2023	5	29	
11111123	2023	5	30	
11111123	2023	5	31	
11111123	2023	6	1	
