11111122	2018	1	2	5.039667
11111122	2018	1	3	5.040868
11111122	2018	1	4	5.0419664
11111122	2018	1	5	5.04294
11111122	2018	1	6	5.0437956
11111122	2018	1	7	5.048892
11111122	2018	1	8	5.356371
11111122	2018	1	9	5.0457735
11111122	2018	1	10	5.040391
11111122	2018	1	11	5.1685543
11111122	2018	1	12	5.094487
11111122	2018	1	13	5.036064
11111122	2018	1	14	5.035017
11111122	2018	1	15	5.0356865
11111122	2018	1	16	5.0680304
11111122	2018	1	17	5.0517616
11111122	2018	1	18	5.039504
11111122	2018	1	19	5.0401497
11111122	2018	1	20	5.041071
11111122	2018	1	21	5.0421114
11111122	2018	1	22	5.1466055
11111122	2018	1	23	5.0433817
11111122	2018	1	24	5.0424423
11111122	2018	1	25	5.041832
11111122	2018	1	26	5.042487
11111122	2018	1	27	5.232959
11111122	2018	1	28	5.8544188
11111122	2018	1	29	5.045458
11111122	2018	1	30	5.024932
11111122	2018	1	31	5.016349
11111122	2018	2	1	5.063307
11111122	2018	2	2	5.02353
11111122	2018	2	3	5.039852
11111122	2018	2	4	5.7223816
11111122	2018	2	5	5.031495
11111122	2018	2	6	5.045968
11111122	2018	2	7	5.614251
11111122	2018	2	8	5.007537
11111122	2018	2	9	5.034479
11111122	2018	2	10	5.169423
11111122	2018	2	11	5.5306225
11111122	2018	2	12	4.9961243
11111122	2018	2	13	4.9966154
11111122	2018	2	14	4.999647
11111122	2018	2	15	5.007986
11111122	2018	2	16	5.0196543
11111122	2018	2	17	5.047187
11111122	2018	2	18	5.029523
11111122	2018	2	19	5.028305
11111122	2018	2	20	5.0439672
11111122	2018	2	21	5.0331984
11111122	2018	2	22	5.035138
11111122	2018	2	23	5.0368185
11111122	2018	2	24	5.038411
11111122	2018	2	25	5.474638
11111122	2018	2	26	5.474469
11111122	2018	2	27	5.031825
11111122	2018	2	28	5.0600586
11111122	2018	3	1	5.152301
11111122	2018	3	2	5.0192785
11111122	2018	3	3	5.021537
11111122	2018	3	4	5.0238333
11111122	2018	3	5	5.0624037
11111122	2018	3	6	5.2586365
11111122	2018	3	7	5.031803
11111122	2018	3	8	5.0300446
11111122	2018	3	9	5.029334
11111122	2018	3	10	5.36246
11111122	2018	3	11	5.7821827
11111122	2018	3	12	5.023238
11111122	2018	3	13	5.0087385
11111122	2018	3	14	5.0048704
11111122	2018	3	15	5.011141
11111122	2018	3	16	5.0349874
11111122	2018	3	17	5.0269365
11111122	2018	3	18	5.0749865
11111122	2018	3	19	5.0292654
11111122	2018	3	20	5.0400124
11111122	2018	3	21	5.033036
11111122	2018	3	22	5.034958
11111122	2018	3	23	5.0367374
11111122	2018	3	24	5.038374
11111122	2018	3	25	5.039819
11111122	2018	3	26	5.0410786
11111122	2018	3	27	5.04218
11111122	2018	3	28	5.0518675
11111122	2018	3	29	5.4568386
11111122	2018	3	30	5.0459757
11111122	2018	3	31	5.038308
11111122	2018	4	1	5.0336123
11111122	2018	4	2	5.0345516
11111122	2018	4	3	5.036484
11111122	2018	4	4	5.146471
11111122	2018	4	5	5.0393353
11111122	2018	4	6	5.243226
11111122	2018	4	7	5.1002426
11111122	2018	4	8	5.035611
11111122	2018	4	9	5.0334816
11111122	2018	4	10	5.0340986
11111122	2018	4	11	5.0358896
11111122	2018	4	12	5.0376616
11111122	2018	4	13	5.0392113
11111122	2018	4	14	6.0728035
11111122	2018	4	15	5.283864
11111122	2018	4	16	5.021121
11111122	2018	4	17	5.0079184
11111122	2018	4	18	5.009614
11111122	2018	4	19	5.0156345
11111122	2018	4	20	5.021082
11111122	2018	4	21	5.025467
11111122	2018	4	22	5.622629
11111122	2018	4	23	5.0354633
11111122	2018	4	24	5.022546
11111122	2018	4	25	5.0182505
11111122	2018	4	26	5.3341303
11111122	2018	4	27	5.0232506
11111122	2018	4	28	5.02238
11111122	2018	4	29	5.022173
11111122	2018	4	30	5.0254574
11111122	2018	5	1	5.028908
11111122	2018	5	2	5.0318136
11111122	2018	5	3	5.0342455
11111122	2018	5	4	5.0362988
11111122	2018	5	5	5.059987
11111122	2018	5	6	5.039468
11111122	2018	5	7	5.0404425
11111122	2018	5	8	5.041316
11111122	2018	5	9	5.042323
11111122	2018	5	10	5.04327
11111122	2018	5	11	5.0441046
11111122	2018	5	12	5.044837
11111122	2018	5	13	5.045478
11111122	2018	5	14	5.0460386
11111122	2018	5	15	5.090605
11111122	2018	5	16	5.1315355
11111122	2018	5	17	5.206067
11111122	2018	5	18	5.0436916
11111122	2018	5	19	5.040313
11111122	2018	5	20	5.278017
11111122	2018	5	21	5.17019
11111122	2018	5	22	6.7350235
11111122	2018	5	23	5.0638533
11111122	2018	5	24	5.607808
11111122	2018	5	25	5.085067
11111122	2018	5	26	5.192854
11111122	2018	5	27	4.945677
11111122	2018	5	28	5.240959
11111122	2018	5	29	6.820484
11111122	2018	5	30	6.1572003
11111122	2018	5	31	4.759302
11111122	2018	6	1	4.841688
11111122	2018	6	2	4.893257
11111122	2018	6	3	4.8891582
11111122	2018	6	4	4.934638
11111122	2018	6	5	4.9650707
11111122	2018	6	6	4.9860363
11111122	2018	6	7	5.000334
11111122	2018	6	8	5.010271
11111122	2018	6	9	5.017379
11111122	2018	6	10	5.022622
11111122	2018	6	11	5.026619
11111122	2018	6	12	5.029765
11111122	2018	6	13	5.032316
11111122	2018	6	14	5.1621037
11111122	2018	6	15	5.054242
11111122	2018	6	16	5.0361996
11111122	2018	6	17	5.0936375
11111122	2018	6	18	5.036784
11111122	2018	6	19	5.037323
11111122	2018	6	20	5.0379534
11111122	2018	6	21	5.06561
11111122	2018	6	22	5.3108606
11111122	2018	6	23	5.0419617
11111122	2018	6	24	5.037709
11111122	2018	6	25	5.035124
11111122	2018	6	26	5.0361414
11111122	2018	6	27	5.037793
11111122	2018	6	28	5.5349836
11111122	2018	6	29	5.042906
11111122	2018	6	30	5.367919
11111122	2018	7	1	5.02647
11111122	2018	7	2	5.288704
11111122	2018	7	3	5.019038
11111122	2018	7	4	5.1351385
11111122	2018	7	5	5.0186405
11111122	2018	7	6	5.0211687
11111122	2018	7	7	5.0948753
11111122	2018	7	8	5.0575266
11111122	2018	7	9	5.0288506
11111122	2018	7	10	5.03026
11111122	2018	7	11	5.0322094
11111122	2018	7	12	5.299018
11111122	2018	7	13	5.0365114
11111122	2018	7	14	5.051159
11111122	2018	7	15	5.2211266
11111122	2018	7	16	5.032712
11111122	2018	7	17	5.0315857
11111122	2018	7	18	5.0311985
11111122	2018	7	19	5.307599
11111122	2018	7	20	5.0351152
11111122	2018	7	21	5.094408
11111122	2018	7	22	5.030319
11111122	2018	7	23	5.1207867
11111122	2018	7	24	5.0899296
11111122	2018	7	25	5.032816
11111122	2018	7	26	5.0328407
11111122	2018	7	27	5.0339165
11111122	2018	7	28	5.0357304
11111122	2018	7	29	5.037483
11111122	2018	7	30	5.0390215
11111122	2018	7	31	5.205903
11111122	2018	8	1	7.63201
11111122	2018	8	2	5.6268377
11111122	2018	8	3	5.4412155
11111122	2018	8	4	5.318445
11111122	2018	8	5	5.340457
11111122	2018	8	6	5.3365717
11111122	2018	8	7	5.3608847
11111122	2018	8	8	5.3861485
11111122	2018	8	9	5.526167
11111122	2018	8	10	5.4741096
11111122	2018	8	11	5.421112
11111122	2018	8	12	5.3517933
11111122	2018	8	13	5.28722
11111122	2018	8	14	5.2840033
11111122	2018	8	15	5.274791
11111122	2018	8	16	5.3016768
11111122	2018	8	17	5.3207245
11111122	2018	8	18	5.32364
11111122	2018	8	19	5.5136795
11111122	2018	8	20	5.3835554
11111122	2018	8	21	5.1080885
11111122	2018	8	22	5.3079777
11111122	2018	8	23	5.3685694
11111122	2018	8	24	5.333946
11111122	2018	8	25	5.2886505
11111122	2018	8	26	5.303008
11111122	2018	8	27	5.30398
11111122	2018	8	28	5.29599
11111122	2018	8	29	5.4484806
11111122	2018	8	30	5.395195
11111122	2018	8	31	5.8395824
11111122	2018	9	1	5.34651
11111122	2018	9	2	5.343419
11111122	2018	9	3	5.3397083
11111122	2018	9	4	5.370346
11111122	2018	9	5	5.5702906
11111122	2018	9	6	5.4576654
11111122	2018	9	7	5.4105196
11111122	2018	9	8	5.4234877
11111122	2018	9	9	5.740898
11111122	2018	9	10	5.337496
11111122	2018	9	11	5.386795
11111122	2018	9	12	5.485014
11111122	2018	9	13	5.412243
11111122	2018	9	14	5.3473673
11111122	2018	9	15	5.3679256
11111122	2018	9	16	5.3719273
11111122	2018	9	17	5.3671913
11111122	2018	9	18	5.388337
11111122	2018	9	19	5.381114
11111122	2018	9	20	5.3905497
11111122	2018	9	21	5.416106
11111122	2018	9	22	5.4238815
11111122	2018	9	23	5.153267
11111122	2018	9	24	5.305581
11111122	2018	9	25	5.0881596
11111122	2018	9	26	5.9878006
11111122	2018	9	27	5.6540327
11111122	2018	9	28	5.385421
11111122	2018	9	29	5.4928675
11111122	2018	9	30	5.652213
11111122	2018	10	1	5.5288286
11111122	2018	10	2	5.5054417
11111122	2018	10	3	5.5154877
11111122	2018	10	4	5.537635
11111122	2018	10	5	5.533535
11111122	2018	10	6	5.5381346
11111122	2018	10	7	5.5449696
11111122	2018	10	8	5.604575
11111122	2018	10	9	5.6804447
11111122	2018	10	10	5.782872
11111122	2018	10	11	5.7189837
11111122	2018	10	12	5.754221
11111122	2018	10	13	5.7810802
11111122	2018	10	14	5.8125114
11111122	2018	10	15	5.812249
11111122	2018	10	16	5.8198977
11111122	2018	10	17	5.853093
11111122	2018	10	18	5.8575706
11111122	2018	10	19	5.8665266
11111122	2018	10	20	5.9201536
11111122	2018	10	21	5.8953896
11111122	2018	10	22	5.906683
11111122	2018	10	23	5.392744
11111122	2018	10	24	5.7307835
11111122	2018	10	25	6.07518
11111122	2018	10	26	5.925
11111122	2018	10	27	5.8695135
11111122	2018	10	28	5.8723145
11111122	2018	10	29	5.877383
11111122	2018	10	30	5.8829775
11111122	2018	10	31	5.853776
11111122	2018	11	1	6.326011
11111122	2018	11	2	5.9132013
11111122	2018	11	3	5.9231377
11111122	2018	11	4	6.0344634
11111122	2018	11	5	6.010773
11111122	2018	11	6	6.056148
11111122	2018	11	7	7.242111
11111122	2018	11	8	6.0471687
11111122	2018	11	9	6.201285
11111122	2018	11	10	6.159659
11111122	2018	11	11	6.38536
11111122	2018	11	12	8.180443
11111122	2018	11	13	6.716895
11111122	2018	11	14	7.1199055
11111122	2018	11	15	7.25409
11111122	2018	11	16	7.593789
11111122	2018	11	17	7.8243427
11111122	2018	11	18	7.9471107
11111122	2018	11	19	8.063375
11111122	2018	11	20	8.201689
11111122	2018	11	21	8.327064
11111122	2018	11	22	8.469877
11111122	2018	11	23	8.724275
11111122	2018	11	24	8.614956
11111122	2018	11	25	8.811959
11111122	2018	11	26	8.676093
11111122	2018	11	27	8.740738
11111122	2018	11	28	8.764415
11111122	2018	11	29	8.826452
11111122	2018	11	30	8.908626
11111122	2018	12	1	9.4837265
11111122	2018	12	2	8.837325
11111122	2018	12	3	9.140731
11111122	2018	12	4	9.321413
11111122	2018	12	5	9.604237
11111122	2018	12	6	9.810087
11111122	2018	12	7	10.250773
11111122	2018	12	8	11.098648
11111122	2018	12	9	9.985015
11111122	2018	12	10	10.472564
11111122	2018	12	11	11.076429
11111122	2018	12	12	11.121111
11111122	2018	12	13	10.987006
11111122	2018	12	14	11.018141
11111122	2018	12	15	10.666662
11111122	2018	12	16	10.881884
11111122	2018	12	17	10.812878
11111122	2018	12	18	10.660418
11111122	2018	12	19	10.631743
11111122	2018	12	20	10.311752
11111122	2018	12	21	8.407135
11111122	2018	12	22	8.417841
11111122	2018	12	23	8.424768
11111122	2018	12	24	8.423719
11111122	2018	12	25	8.469677
11111122	2018	12	26	8.581722
11111122	2018	12	27	9.176988
11111122	2018	12	28	8.669428
11111122	2018	12	29	8.649203
11111122	2018	12	30	9.124948
11111122	2018	12	31	8.876948
11111122	2019	1	1	8.390306
11111122	2019	1	2	8.167267
11111122	2019	1	3	8.022061
11111122	2019	1	4	7.6425314
11111122	2019	1	5	7.0995536
11111122	2019	1	6	6.929711
11111122	2019	1	7	6.780066
11111122	2019	1	8	6.6673946
11111122	2019	1	9	6.582583
11111122	2019	1	10	6.517542
11111122	2019	1	11	6.4651737
11111122	2019	1	12	6.574874
11111122	2019	1	13	6.3745885
11111122	2019	1	14	6.329517
11111122	2019	1	15	6.27229
11111122	2019	1	16	6.2032733
11111122	2019	1	17	6.154553
11111122	2019	1	18	6.0313582
11111122	2019	1	19	6.5811715
11111122	2019	1	20	5.918091
11111122	2019	1	21	5.8134937
11111122	2019	1	22	5.70282
11111122	2019	1	23	7.602072
11111122	2019	1	24	5.7266417
11111122	2019	1	25	5.581811
11111122	2019	1	26	5.472684
11111122	2019	1	27	5.3954935
11111122	2019	1	28	5.333503
11111122	2019	1	29	5.380534
11111122	2019	1	30	5.2497187
11111122	2019	1	31	5.213539
11111122	2019	2	1	5.184026
11111122	2019	2	2	5.1611967
11111122	2019	2	3	5.1431065
11111122	2019	2	4	5.128544
11111122	2019	2	5	5.1212044
11111122	2019	2	6	5.1250515
11111122	2019	2	7	5.108323
11111122	2019	2	8	5.092593
11111122	2019	2	9	5.0866776
11111122	2019	2	10	5.0819054
11111122	2019	2	11	5.1545258
11111122	2019	2	12	5.496541
11111122	2019	2	13	5.076228
11111122	2019	2	14	5.064028
11111122	2019	2	15	5.1140127
11111122	2019	2	16	5.058795
11111122	2019	2	17	5.070799
11111122	2019	2	18	5.0653944
11111122	2019	2	19	5.353382
11111122	2019	2	20	5.720213
11111122	2019	2	21	5.2016153
11111122	2019	2	22	5.03133
11111122	2019	2	23	5.116828
11111122	2019	2	24	5.2590475
11111122	2019	2	25	5.0202875
11111122	2019	2	26	5.0214605
11111122	2019	2	27	5.023218
11111122	2019	2	28	5.1583815
11111122	2019	3	1	5.047762
11111122	2019	3	2	5.0314703
11111122	2019	3	3	5.518738
11111122	2019	3	4	5.033966
11111122	2019	3	5	5.0278664
11111122	2019	3	6	5.0245
11111122	2019	3	7	5.0272493
11111122	2019	3	8	5.0306025
11111122	2019	3	9	5.033407
11111122	2019	3	10	5.071021
11111122	2019	3	11	5.4601316
11111122	2019	3	12	5.0397987
11111122	2019	3	13	5.0330076
11111122	2019	3	14	5.055464
11111122	2019	3	15	5.3505383
11111122	2019	3	16	5.0323076
11111122	2019	3	17	5.029146
11111122	2019	3	18	5.027502
11111122	2019	3	19	5.029808
11111122	2019	3	20	5.032544
11111122	2019	3	21	5.034897
11111122	2019	3	22	5.03689
11111122	2019	3	23	5.0385876
11111122	2019	3	24	5.0400467
11111122	2019	3	25	5.3684998
11111122	2019	3	26	5.0431557
11111122	2019	3	27	5.0380125
11111122	2019	3	28	5.03471
11111122	2019	3	29	5.0357313
11111122	2019	3	30	5.037511
11111122	2019	3	31	5.1013517
11111122	2019	4	1	5.0402517
11111122	2019	4	2	5.040489
11111122	2019	4	3	5.040784
11111122	2019	4	4	5.0948973
11111122	2019	4	5	5.0424747
11111122	2019	4	6	5.7906494
11111122	2019	4	7	5.053092
11111122	2019	4	8	5.1023226
11111122	2019	4	9	5.0353155
11111122	2019	4	10	5.0233097
11111122	2019	4	11	5.0259542
11111122	2019	4	12	5.029027
11111122	2019	4	13	5.031904
11111122	2019	4	14	5.653742
11111122	2019	4	15	5.037936
11111122	2019	4	16	5.0271196
11111122	2019	4	17	5.0215206
11111122	2019	4	18	6.2322645
11111122	2019	4	19	5.0580873
11111122	2019	4	20	5.017564
11111122	2019	4	21	4.996084
11111122	2019	4	22	5.003542
11111122	2019	4	23	5.01169
11111122	2019	4	24	5.018223
11111122	2019	4	25	5.2705
11111122	2019	4	26	5.025792
11111122	2019	4	27	5.025572
11111122	2019	4	28	5.0256615
11111122	2019	4	29	5.028447
11111122	2019	4	30	5.031376
11111122	2019	5	1	5.0915985
11111122	2019	5	2	5.035822
11111122	2019	5	3	5.0367403
11111122	2019	5	4	5.1695766
11111122	2019	5	5	5.056287
11111122	2019	5	6	5.0379324
11111122	2019	5	7	5.037239
11111122	2019	5	8	5.068967
11111122	2019	5	9	5.7438765
11111122	2019	5	10	5.0534763
11111122	2019	5	11	5.0823317
11111122	2019	5	12	5.287054
11111122	2019	5	13	5.0198965
11111122	2019	5	14	5.019703
11111122	2019	5	15	5.0205297
11111122	2019	5	16	5.0242414
11111122	2019	5	17	5.027917
11111122	2019	5	18	5.030985
11111122	2019	5	19	5.037899
11111122	2019	5	20	5.035674
11111122	2019	5	21	5.037446
11111122	2019	5	22	5.038972
11111122	2019	5	23	5.0403395
11111122	2019	5	24	5.041542
11111122	2019	5	25	5.042593
11111122	2019	5	26	5.0435133
11111122	2019	5	27	5.044318
11111122	2019	5	28	5.045021
11111122	2019	5	29	5.045638
11111122	2019	5	30	5.046177
11111122	2019	5	31	5.046649
11111122	2019	6	1	5.047062
11111122	2019	6	2	5.0474195
11111122	2019	6	3	5.0477333
11111122	2019	6	4	5.048004
11111122	2019	6	5	5.0788927
11111122	2019	6	6	5.5044775
11111122	2019	6	7	5.106015
11111122	2019	6	8	5.2271814
11111122	2019	6	9	5.595709
11111122	2019	6	10	5.0439053
11111122	2019	6	11	5.0132713
11111122	2019	6	12	5.01058
11111122	2019	6	13	5.0153427
11111122	2019	6	14	5.0206566
11111122	2019	6	15	5.025055
11111122	2019	6	16	5.0771837
11111122	2019	6	17	5.0312996
11111122	2019	6	18	5.0816946
11111122	2019	6	19	5.096508
11111122	2019	6	20	5.035201
11111122	2019	6	21	5.1442995
11111122	2019	6	22	5.325199
11111122	2019	6	23	5.064131
11111122	2019	6	24	5.0388927
11111122	2019	6	25	5.0862675
11111122	2019	6	26	5.047161
11111122	2019	6	27	5.039112
11111122	2019	6	28	5.0397167
11111122	2019	6	29	5.0407867
11111122	2019	6	30	5.0550365
11111122	2019	7	1	5.055977
11111122	2019	7	2	5.043498
11111122	2019	7	3	5.043934
11111122	2019	7	4	5.0444736
11111122	2019	7	5	5.045129
11111122	2019	7	6	5.04574
11111122	2019	7	7	5.0725393
11111122	2019	7	8	5.0464964
11111122	2019	7	9	5.0816345
11111122	2019	7	10	6.6543117
11111122	2019	7	11	5.343891
11111122	2019	7	12	5.1568403
11111122	2019	7	13	5.17282
11111122	2019	7	14	5.2646103
11111122	2019	7	15	5.053467
11111122	2019	7	16	5.04871
11111122	2019	7	17	5.0462065
11111122	2019	7	18	5.046563
11111122	2019	7	19	5.285159
11111122	2019	7	20	5.895653
11111122	2019	7	21	5.340762
11111122	2019	7	22	5.3061857
11111122	2019	7	23	5.329294
11111122	2019	7	24	5.3172426
11111122	2019	7	25	5.5411606
11111122	2019	7	26	5.334181
11111122	2019	7	27	5.2919235
11111122	2019	7	28	5.3018484
11111122	2019	7	29	5.310009
11111122	2019	7	30	5.4016333
11111122	2019	7	31	5.312566
11111122	2019	8	1	5.1016045
11111122	2019	8	2	5.2653637
11111122	2019	8	3	5.3979416
11111122	2019	8	4	5.277034
11111122	2019	8	5	5.2598104
11111122	2019	8	6	5.247796
11111122	2019	8	7	5.248683
11111122	2019	8	8	5.248578
11111122	2019	8	9	5.2340927
11111122	2019	8	10	5.404402
11111122	2019	8	11	5.2926865
11111122	2019	8	12	5.284483
11111122	2019	8	13	5.276389
11111122	2019	8	14	5.2538443
11111122	2019	8	15	5.218648
11111122	2019	8	16	5.254874
11111122	2019	8	17	5.235936
11111122	2019	8	18	5.2548523
11111122	2019	8	19	5.278528
11111122	2019	8	20	5.214303
11111122	2019	8	21	5.256152
11111122	2019	8	22	5.2989283
11111122	2019	8	23	5.2694597
11111122	2019	8	24	5.3114853
11111122	2019	8	25	5.5534687
11111122	2019	8	26	5.4088087
11111122	2019	8	27	5.2688437
11111122	2019	8	28	5.302952
11111122	2019	8	29	5.3346996
11111122	2019	8	30	5.3022547
11111122	2019	8	31	5.2158623
11111122	2019	9	1	5.3985977
11111122	2019	9	2	5.183895
11111122	2019	9	3	5.1737347
11111122	2019	9	4	5.1718254
11111122	2019	9	5	5.070593
11111122	2019	9	6	5.0511465
11111122	2019	9	7	5.051297
11111122	2019	9	8	5.0517197
11111122	2019	9	9	5.065053
11111122	2019	9	10	5.052088
11111122	2019	9	11	5.052046
11111122	2019	9	12	5.0519657
11111122	2019	9	13	5.0519876
11111122	2019	9	14	5.052005
11111122	2019	9	15	5.0519876
11111122	2019	9	16	5.051942
11111122	2019	9	17	5.051876
11111122	2019	9	18	5.051795
11111122	2019	9	19	5.0517035
11111122	2019	9	20	5.051606
11111122	2019	9	21	5.051504
11111122	2019	9	22	5.051402
11111122	2019	9	23	5.051299
11111122	2019	9	24	5.051198
11111122	2019	9	25	5.0511
11111122	2019	9	26	5.0510035
11111122	2019	9	27	5.071162
11111122	2019	9	28	5.055085
11111122	2019	9	29	5.0510693
11111122	2019	9	30	5.0508585
11111122	2019	10	1	6.399742
11111122	2019	10	2	5.3872547
11111122	2019	10	3	5.2697783
11111122	2019	10	4	5.2370462
11111122	2019	10	5	5.2537403
11111122	2019	10	6	5.256736
11111122	2019	10	7	5.2473707
11111122	2019	10	8	5.1919956
11111122	2019	10	9	5.1908293
11111122	2019	10	10	5.174592
11111122	2019	10	11	5.1845837
11111122	2019	10	12	5.207081
11111122	2019	10	13	5.229328
11111122	2019	10	14	5.1941013
11111122	2019	10	15	5.476042
11111122	2019	10	16	5.2214384
11111122	2019	10	17	5.209778
11111122	2019	10	18	5.218481
11111122	2019	10	19	5.2536507
11111122	2019	10	20	5.2585096
11111122	2019	10	21	5.271245
11111122	2019	10	22	5.404129
11111122	2019	10	23	5.258691
11111122	2019	10	24	5.290326
11111122	2019	10	25	5.8630486
11111122	2019	10	26	5.497303
11111122	2019	10	27	5.4603767
11111122	2019	10	28	5.5889864
11111122	2019	10	29	5.7844334
11111122	2019	10	30	6.182414
11111122	2019	10	31	6.158723
11111122	2019	11	1	5.208102
11111122	2019	11	2	5.069642
11111122	2019	11	3	5.4422913
11111122	2019	11	4	5.5335083
11111122	2019	11	5	5.590829
11111122	2019	11	6	5.709934
11111122	2019	11	7	6.291989
11111122	2019	11	8	5.95175
11111122	2019	11	9	6.059176
11111122	2019	11	10	6.173642
11111122	2019	11	11	6.3627596
11111122	2019	11	12	6.819514
11111122	2019	11	13	6.5004086
11111122	2019	11	14	6.689525
11111122	2019	11	15	6.8424125
11111122	2019	11	16	5.861286
11111122	2019	11	17	5.6162195
11111122	2019	11	18	6.5822463
11111122	2019	11	19	6.9346128
11111122	2019	11	20	7.14495
11111122	2019	11	21	7.366639
11111122	2019	11	22	7.650021
11111122	2019	11	23	8.210829
11111122	2019	11	24	8.084696
11111122	2019	11	25	8.614405
11111122	2019	11	26	8.811314
11111122	2019	11	27	9.314259
11111122	2019	11	28	9.006291
11111122	2019	11	29	9.138163
11111122	2019	11	30	9.067632
11111122	2019	12	1	8.88187
11111122	2019	12	2	8.7200365
11111122	2019	12	3	8.6591015
11111122	2019	12	4	8.57783
11111122	2019	12	5	8.531813
11111122	2019	12	6	8.638505
11111122	2019	12	7	8.51737
11111122	2019	12	8	8.616075
11111122	2019	12	9	8.73539
11111122	2019	12	10	8.951807
11111122	2019	12	11	8.890389
11111122	2019	12	12	9.269964
11111122	2019	12	13	9.834557
11111122	2019	12	14	9.658774
11111122	2019	12	15	9.630566
11111122	2019	12	16	9.795792
11111122	2019	12	17	9.612216
11111122	2019	12	18	9.179914
11111122	2019	12	19	9.356694
11111122	2019	12	20	9.478249
11111122	2019	12	21	9.697664
11111122	2019	12	22	10.554571
11111122	2019	12	23	9.165749
11111122	2019	12	24	9.667961
11111122	2019	12	25	9.688904
11111122	2019	12	26	9.603505
11111122	2019	12	27	9.706633
11111122	2019	12	28	9.517526
11111122	2019	12	29	9.618531
11111122	2019	12	30	9.444849
11111122	2019	12	31	9.516002
11111122	2020	1	1	9.727327
11111122	2020	1	2	10.4287615
11111122	2020	1	3	9.512218
11111122	2020	1	4	9.366834
11111122	2020	1	5	8.146284
11111122	2020	1	6	8.243736
11111122	2020	1	7	8.3162155
11111122	2020	1	8	8.401276
11111122	2020	1	9	8.425898
11111122	2020	1	10	8.358886
11111122	2020	1	11	8.608043
11111122	2020	1	12	7.8011093
11111122	2020	1	13	8.488384
11111122	2020	1	14	8.125441
11111122	2020	1	15	7.090622
11111122	2020	1	16	7.198618
11111122	2020	1	17	7.116814
11111122	2020	1	18	7.065465
11111122	2020	1	19	6.9276323
11111122	2020	1	20	6.8334217
11111122	2020	1	21	6.7380805
11111122	2020	1	22	6.651537
11111122	2020	1	23	7.072556
11111122	2020	1	24	6.5192504
11111122	2020	1	25	6.4658732
11111122	2020	1	26	6.411051
11111122	2020	1	27	6.3548913
11111122	2020	1	28	6.29302
11111122	2020	1	29	6.221053
11111122	2020	1	30	6.1369514
11111122	2020	1	31	6.041026
11111122	2020	2	1	5.9360933
11111122	2020	2	2	5.826907
11111122	2020	2	3	5.719013
11111122	2020	2	4	5.6785736
11111122	2020	2	5	6.855424
11111122	2020	2	6	7.070989
11111122	2020	2	7	5.6444464
11111122	2020	2	8	5.5371313
11111122	2020	2	9	5.4266653
11111122	2020	2	10	7.1266937
11111122	2020	2	11	5.857154
11111122	2020	2	12	5.6767645
11111122	2020	2	13	5.7750044
11111122	2020	2	14	5.270214
11111122	2020	2	15	5.243945
11111122	2020	2	16	5.2587414
11111122	2020	2	17	5.19094
11111122	2020	2	18	6.377157
11111122	2020	2	19	5.2479076
11111122	2020	2	20	5.8612165
11111122	2020	2	21	5.1146393
11111122	2020	2	22	5.107172
11111122	2020	2	23	5.0963383
11111122	2020	2	24	5.307128
11111122	2020	2	25	5.091938
11111122	2020	2	26	5.1259775
11111122	2020	2	27	5.0795727
11111122	2020	2	28	5.0749054
11111122	2020	2	29	5.070898
11111122	2020	3	1	5.067728
11111122	2020	3	2	5.3484373
11111122	2020	3	3	6.505451
11111122	2020	3	4	6.003947
11111122	2020	3	5	6.032919
11111122	2020	3	6	4.871606
11111122	2020	3	7	4.8968315
11111122	2020	3	8	4.931363
11111122	2020	3	9	4.9698753
11111122	2020	3	10	5.077606
11111122	2020	3	11	5.0143414
11111122	2020	3	12	5.020808
11111122	2020	3	13	5.040392
11111122	2020	3	14	5.032322
11111122	2020	3	15	5.035775
11111122	2020	3	16	5.038162
11111122	2020	3	17	5.0400076
11111122	2020	3	18	5.0414352
11111122	2020	3	19	5.042568
11111122	2020	3	20	5.2842655
11111122	2020	3	21	5.1127586
11111122	2020	3	22	5.1094656
11111122	2020	3	23	5.0744457
11111122	2020	3	24	5.064376
11111122	2020	3	25	5.169978
11111122	2020	3	26	5.0385685
11111122	2020	3	27	5.037505
11111122	2020	3	28	5.0371447
11111122	2020	3	29	5.0559673
11111122	2020	3	30	5.039831
11111122	2020	3	31	5.3165216
11111122	2020	4	1	5.042715
11111122	2020	4	2	5.0387297
11111122	2020	4	3	5.0361233
11111122	2020	4	4	5.037096
11111122	2020	4	5	5.0386972
11111122	2020	4	6	5.040147
11111122	2020	4	7	5.149893
11111122	2020	4	8	5.917964
11111122	2020	4	9	5.0706615
11111122	2020	4	10	5.027149
11111122	2020	4	11	5.0174503
11111122	2020	4	12	5.410095
11111122	2020	4	13	5.0506964
11111122	2020	4	14	5.0185776
11111122	2020	4	15	5.017892
11111122	2020	4	16	5.0216055
11111122	2020	4	17	5.0257864
11111122	2020	4	18	5.033658
11111122	2020	4	19	8.785878
11111122	2020	4	20	5.31936
11111122	2020	4	21	4.9864492
11111122	2020	4	22	4.9699116
11111122	2020	4	23	5.9387217
11111122	2020	4	24	4.945833
11111122	2020	4	25	4.95335
11111122	2020	4	26	4.962763
11111122	2020	4	27	4.980419
11111122	2020	4	28	4.9945536
11111122	2020	4	29	5.115679
11111122	2020	4	30	5.0109243
11111122	2020	5	1	5.015808
11111122	2020	5	2	5.0195074
11111122	2020	5	3	5.02359
11111122	2020	5	4	5.027176
11111122	2020	5	5	5.03016
11111122	2020	5	6	5.0326653
11111122	2020	5	7	5.0348005
11111122	2020	5	8	5.0366383
11111122	2020	5	9	5.0382366
11111122	2020	5	10	5.0396347
11111122	2020	5	11	5.040863
11111122	2020	5	12	5.0419455
11111122	2020	5	13	5.042901
11111122	2020	5	14	5.043744
11111122	2020	5	15	5.044489
11111122	2020	5	16	5.045145
11111122	2020	5	17	5.116975
11111122	2020	5	18	5.1124544
11111122	2020	5	19	5.0447226
11111122	2020	5	20	5.0432034
11111122	2020	5	21	5.0515165
11111122	2020	5	22	5.060831
11111122	2020	5	23	5.1994524
11111122	2020	5	24	5.043626
11111122	2020	5	25	5.0414276
11111122	2020	5	26	5.2642975
11111122	2020	5	27	5.390684
11111122	2020	5	28	5.2760115
11111122	2020	5	29	5.025462
11111122	2020	5	30	5.0196285
11111122	2020	5	31	5.0197315
11111122	2020	6	1	5.02341
11111122	2020	6	2	5.027117
11111122	2020	6	3	5.03024
11111122	2020	6	4	5.032855
11111122	2020	6	5	5.0525684
11111122	2020	6	6	5.0368624
11111122	2020	6	7	5.038229
11111122	2020	6	8	5.435508
11111122	2020	6	9	5.2528925
11111122	2020	6	10	5.2440357
11111122	2020	6	11	5.023673
11111122	2020	6	12	5.0202427
11111122	2020	6	13	5.020997
11111122	2020	6	14	5.02456
11111122	2020	6	15	5.0632505
11111122	2020	6	16	5.030858
11111122	2020	6	17	5.0328436
11111122	2020	6	18	5.038903
11111122	2020	6	19	5.0363626
11111122	2020	6	20	5.037984
11111122	2020	6	21	5.04813
11111122	2020	6	22	5.35711
11111122	2020	6	23	5.21556
11111122	2020	6	24	5.223832
11111122	2020	6	25	5.0814667
11111122	2020	6	26	5.0248756
11111122	2020	6	27	5.0244007
11111122	2020	6	28	5.0266323
11111122	2020	6	29	5.0514965
11111122	2020	6	30	5.112584
11111122	2020	7	1	5.1653557
11111122	2020	7	2	5.033905
11111122	2020	7	3	5.032613
11111122	2020	7	4	5.032654
11111122	2020	7	5	5.0344086
11111122	2020	7	6	5.0406733
11111122	2020	7	7	5.109354
11111122	2020	7	8	5.039136
11111122	2020	7	9	5.0392323
11111122	2020	7	10	5.0394783
11111122	2020	7	11	5.040518
11111122	2020	7	12	5.2265587
11111122	2020	7	13	5.042363
11111122	2020	7	14	5.040064
11111122	2020	7	15	5.0560303
11111122	2020	7	16	5.0392456
11111122	2020	7	17	5.0402393
11111122	2020	7	18	5.0411777
11111122	2020	7	19	5.042197
11111122	2020	7	20	5.3491125
11111122	2020	7	21	6.235471
11111122	2020	7	22	5.0504675
11111122	2020	7	23	5.0358763
11111122	2020	7	24	5.002306
11111122	2020	7	25	5.398222
11111122	2020	7	26	5.006543
11111122	2020	7	27	5.0083084
11111122	2020	7	28	5.0849466
11111122	2020	7	29	5.054002
11111122	2020	7	30	5.018955
11111122	2020	7	31	5.0221996
11111122	2020	8	1	5.025543
11111122	2020	8	2	5.0288515
11111122	2020	8	3	5.031704
11111122	2020	8	4	5.0341015
11111122	2020	8	5	5.1492157
11111122	2020	8	6	5.03769
11111122	2020	8	7	5.037381
11111122	2020	8	8	5.037299
11111122	2020	8	9	5.038512
11111122	2020	8	10	5.039899
11111122	2020	8	11	5.0898237
11111122	2020	8	12	5.5997953
11111122	2020	8	13	5.0449734
11111122	2020	8	14	5.0334644
11111122	2020	8	15	5.0535297
11111122	2020	8	16	5.028699
11111122	2020	8	17	5.031142
11111122	2020	8	18	5.0333223
11111122	2020	8	19	5.20065
11111122	2020	8	20	5.0543585
11111122	2020	8	21	5.590708
11111122	2020	8	22	5.158642
11111122	2020	8	23	5.070978
11111122	2020	8	24	5.020999
11111122	2020	8	25	5.088743
11111122	2020	8	26	5.0210905
11111122	2020	8	27	5.02417
11111122	2020	8	28	5.1348295
11111122	2020	8	29	5.0293694
11111122	2020	8	30	5.653531
11111122	2020	8	31	5.2660303
11111122	2020	9	1	5.015213
11111122	2020	9	2	5.009097
11111122	2020	9	3	5.0113745
11111122	2020	9	4	5.0170393
11111122	2020	9	5	5.0221434
11111122	2020	9	6	5.0262556
11111122	2020	9	7	5.029586
11111122	2020	9	8	5.0323315
11111122	2020	9	9	5.0346317
11111122	2020	9	10	5.316722
11111122	2020	9	11	5.1322355
11111122	2020	9	12	5.034581
11111122	2020	9	13	5.0310507
11111122	2020	9	14	5.031374
11111122	2020	9	15	5.0553713
11111122	2020	9	16	5.8050575
11111122	2020	9	17	5.251995
11111122	2020	9	18	5.0198517
11111122	2020	9	19	5.01089
11111122	2020	9	20	5.0127335
11111122	2020	9	21	5.0181503
11111122	2020	9	22	5.0230646
11111122	2020	9	23	5.0270443
11111122	2020	9	24	5.5733624
11111122	2020	9	25	5.0371675
11111122	2020	9	26	5.0250673
11111122	2020	9	27	5.020954
11111122	2020	9	28	5.063388
11111122	2020	9	29	5.071329
11111122	2020	9	30	5.029701
11111122	2020	10	1	5.031292
11111122	2020	10	2	5.0330505
11111122	2020	10	3	5.03512
11111122	2020	10	4	5.037018
11111122	2020	10	5	5.03866
11111122	2020	10	6	5.040082
11111122	2020	10	7	5.041317
11111122	2020	10	8	5.0423965
11111122	2020	10	9	5.713643
11111122	2020	10	10	5.535042
11111122	2020	10	11	5.0862446
11111122	2020	10	12	5.010499
11111122	2020	10	13	5.008156
11111122	2020	10	14	5.013221
11111122	2020	10	15	5.019024
11111122	2020	10	16	5.02384
11111122	2020	10	17	5.027709
11111122	2020	10	18	5.03086
11111122	2020	10	19	5.0334673
11111122	2020	10	20	5.035658
11111122	2020	10	21	5.0375214
11111122	2020	10	22	5.039118
11111122	2020	10	23	5.040498
11111122	2020	10	24	5.9393005
11111122	2020	10	25	5.0530157
11111122	2020	10	26	5.0308266
11111122	2020	10	27	5.095578
11111122	2020	10	28	5.931429
11111122	2020	10	29	5.0934057
11111122	2020	10	30	5.0001326
11111122	2020	10	31	4.9962845
11111122	2020	11	1	5.0037193
11111122	2020	11	2	5.0118847
11111122	2020	11	3	5.018387
11111122	2020	11	4	5.0234365
11111122	2020	11	5	5.027424
11111122	2020	11	6	5.0306435
11111122	2020	11	7	5.0332947
11111122	2020	11	8	5.035514
11111122	2020	11	9	5.0373964
11111122	2020	11	10	5.039009
11111122	2020	11	11	5.125578
11111122	2020	11	12	5.0413675
11111122	2020	11	13	5.041053
11111122	2020	11	14	5.040922
11111122	2020	11	15	5.0417767
11111122	2020	11	16	5.042776
11111122	2020	11	17	5.0436745
11111122	2020	11	18	5.044463
11111122	2020	11	19	5.0451527
11111122	2020	11	20	5.0457554
11111122	2020	11	21	5.0462837
11111122	2020	11	22	5.0467453
11111122	2020	11	23	5.047147
11111122	2020	11	24	5.047497
11111122	2020	11	25	5.411723
11111122	2020	11	26	5.070093
11111122	2020	11	27	5.440735
11111122	2020	11	28	5.0355625
11111122	2020	11	29	5.8490906
11111122	2020	11	30	5.0202227
11111122	2020	12	1	5.007375
11111122	2020	12	2	5.0034456
11111122	2020	12	3	5.009921
11111122	2020	12	4	5.15627
11111122	2020	12	5	5.020447
11111122	2020	12	6	5.027355
11111122	2020	12	7	5.025057
11111122	2020	12	8	5.0281744
11111122	2020	12	9	5.031101
11111122	2020	12	10	5.03362
11111122	2020	12	11	5.035758
11111122	2020	12	12	5.312516
11111122	2020	12	13	5.078747
11111122	2020	12	14	5.375964
11111122	2020	12	15	5.0532703
11111122	2020	12	16	5.1156635
11111122	2020	12	17	5.023814
11111122	2020	12	18	5.025034
11111122	2020	12	19	5.0578947
11111122	2020	12	20	5.029869
11111122	2020	12	21	5.032074
11111122	2020	12	22	5.033965
11111122	2020	12	23	5.0359106
11111122	2020	12	24	5.6241827
11111122	2020	12	25	5.04212
11111122	2020	12	26	5.031152
11111122	2020	12	27	5.025152
11111122	2020	12	28	5.0271187
11111122	2020	12	29	5.030219
11111122	2020	12	30	5.0329227
11111122	2020	12	31	5.1019545
11111122	2021	1	1	5.140353
11111122	2021	1	2	5.037157
11111122	2021	1	3	5.03617
11111122	2021	1	4	5.036214
11111122	2021	1	5	6.283619
11111122	2021	1	6	5.274461
11111122	2021	1	7	5.162551
11111122	2021	1	8	5.07994
11111122	2021	1	9	5.0550213
11111122	2021	1	10	5.053197
11111122	2021	1	11	5.2563114
11111122	2021	1	12	5.0516167
11111122	2021	1	13	5.0485125
11111122	2021	1	14	5.0462418
11111122	2021	1	15	5.0465717
11111122	2021	1	16	5.047372
11111122	2021	1	17	5.0480576
11111122	2021	1	18	5.0486116
11111122	2021	1	19	5.049054
11111122	2021	1	20	5.049406
11111122	2021	1	21	5.239129
11111122	2021	1	22	5.267558
11111122	2021	1	23	5.045429
11111122	2021	1	24	5.048334
11111122	2021	1	25	5.0416145
11111122	2021	1	26	5.4117117
11111122	2021	1	27	5.4277086
11111122	2021	1	28	5.0298643
11111122	2021	1	29	5.0212145
11111122	2021	1	30	5.0193243
11111122	2021	1	31	5.121355
11111122	2021	2	1	5.02633
11111122	2021	2	2	5.0283947
11111122	2021	2	3	5.0301094
11111122	2021	2	4	5.0325823
11111122	2021	2	5	5.0701494
11111122	2021	2	6	5.280854
11111122	2021	2	7	5.068369
11111122	2021	2	8	5.0344887
11111122	2021	2	9	5.07207
11111122	2021	2	10	5.0333567
11111122	2021	2	11	5.324648
11111122	2021	2	12	5.0403585
11111122	2021	2	13	5.2856874
11111122	2021	2	14	5.0295067
11111122	2021	2	15	5.2058706
11111122	2021	2	16	5.025523
11111122	2021	2	17	5.1101885
11111122	2021	2	18	5.3800344
11111122	2021	2	19	5.0250597
11111122	2021	2	20	5.021723
11111122	2021	2	21	5.0206785
11111122	2021	2	22	5.0414724
11111122	2021	2	23	5.02752
11111122	2021	2	24	5.0303288
11111122	2021	2	25	5.0326767
11111122	2021	2	26	5.0348454
11111122	2021	2	27	5.036745
11111122	2021	2	28	5.0383883
11111122	2021	3	1	5.12502
11111122	2021	3	2	5.377802
11111122	2021	3	3	5.041053
11111122	2021	3	4	5.0347805
11111122	2021	3	5	5.031499
11111122	2021	3	6	5.032897
11111122	2021	3	7	5.035033
11111122	2021	3	8	5.0369444
11111122	2021	3	9	5.038598
11111122	2021	3	10	5.0400276
11111122	2021	3	11	5.0412693
11111122	2021	3	12	5.04235
11111122	2021	3	13	5.043295
11111122	2021	3	14	5.044121
11111122	2021	3	15	5.1344643
11111122	2021	3	16	5.773775
11111122	2021	3	17	6.4394927
11111122	2021	3	18	5.025096
11111122	2021	3	19	4.983617
11111122	2021	3	20	4.9769993
11111122	2021	3	21	4.9896793
11111122	2021	3	22	5.001567
11111122	2021	3	23	5.254818
11111122	2021	3	24	5.0391407
11111122	2021	3	25	6.3063607
11111122	2021	3	26	5.0654144
11111122	2021	3	27	4.9812336
11111122	2021	3	28	5.199889
11111122	2021	3	29	4.980466
11111122	2021	3	30	5.115203
11111122	2021	3	31	5.622199
11111122	2021	4	1	4.982808
11111122	2021	4	2	4.986521
11111122	2021	4	3	4.991638
11111122	2021	4	4	5.0024223
11111122	2021	4	5	5.011442
11111122	2021	4	6	5.0181856
11111122	2021	4	7	5.0232887
11111122	2021	4	8	5.0580406
11111122	2021	4	9	5.034725
11111122	2021	4	10	5.6690693
11111122	2021	4	11	5.0364017
11111122	2021	4	12	5.025756
11111122	2021	4	13	5.0203476
11111122	2021	4	14	5.023326
11111122	2021	4	15	5.027194
11111122	2021	4	16	5.030442
11111122	2021	4	17	5.03312
11111122	2021	4	18	5.0353518
11111122	2021	4	19	5.037242
11111122	2021	4	20	6.107477
11111122	2021	4	21	6.3523817
11111122	2021	4	22	6.308253
11111122	2021	4	23	6.227502
11111122	2021	4	24	7.477265
11111122	2021	4	25	6.2596073
11111122	2021	4	26	6.2696815
11111122	2021	4	27	6.1715674
11111122	2021	4	28	6.197848
11111122	2021	4	29	6.319416
11111122	2021	4	30	6.401771
11111122	2021	5	1	6.434894
11111122	2021	5	2	6.4528327
11111122	2021	5	3	6.688472
11111122	2021	5	4	7.265956
11111122	2021	5	5	6.4446917
11111122	2021	5	6	6.5309806
11111122	2021	5	7	6.658528
11111122	2021	5	8	6.7418365
11111122	2021	5	9	6.845066
11111122	2021	5	10	7.2738094
11111122	2021	5	11	7.089825
11111122	2021	5	12	7.5983906
11111122	2021	5	13	7.8522825
11111122	2021	5	14	7.974077
11111122	2021	5	15	8.094087
11111122	2021	5	16	8.161423
11111122	2021	5	17	8.175268
11111122	2021	5	18	8.166428
11111122	2021	5	19	8.128468
11111122	2021	5	20	8.078173
11111122	2021	5	21	8.074177
11111122	2021	5	22	8.038752
11111122	2021	5	23	7.9980106
11111122	2021	5	24	7.952438
11111122	2021	5	25	7.9044685
11111122	2021	5	26	7.9020076
11111122	2021	5	27	7.8922114
11111122	2021	5	28	7.816456
11111122	2021	5	29	7.7092366
11111122	2021	5	30	7.7690215
11111122	2021	5	31	7.7930107
11111122	2021	6	1	7.770529
11111122	2021	6	2	7.741108
11111122	2021	6	3	8.163828
11111122	2021	6	4	7.5196877
11111122	2021	6	5	7.66661
11111122	2021	6	6	8.081099
11111122	2021	6	7	7.893694
11111122	2021	6	8	7.8450947
11111122	2021	6	9	7.788214
11111122	2021	6	10	7.6877995
11111122	2021	6	11	7.6553
11111122	2021	6	12	7.5511785
11111122	2021	6	13	7.683037
11111122	2021	6	14	7.6615314
11111122	2021	6	15	7.6916223
11111122	2021	6	16	7.731005
11111122	2021	6	17	7.7321687
11111122	2021	6	18	7.783111
11111122	2021	6	19	8.500866
11111122	2021	6	20	7.5730557
11111122	2021	6	21	7.711862
11111122	2021	6	22	7.9832487
11111122	2021	6	23	7.8284087
11111122	2021	6	24	7.830979
11111122	2021	6	25	7.904355
11111122	2021	6	26	8.050467
11111122	2021	6	27	8.229021
11111122	2021	6	28	8.316902
11111122	2021	6	29	8.388888
11111122	2021	6	30	8.45335
11111122	2021	7	1	7.9736586
11111122	2021	7	2	8.079979
11111122	2021	7	3	7.921848
11111122	2021	7	4	7.9339476
11111122	2021	7	5	7.932414
11111122	2021	7	6	8.345045
11111122	2021	7	7	7.6622324
11111122	2021	7	8	7.826047
11111122	2021	7	9	7.931109
11111122	2021	7	10	7.972792
11111122	2021	7	11	7.901998
11111122	2021	7	12	8.108779
11111122	2021	7	13	7.699705
11111122	2021	7	14	7.8697343
11111122	2021	7	15	7.924318
11111122	2021	7	16	7.9499097
11111122	2021	7	17	8.068831
11111122	2021	7	18	8.157845
11111122	2021	7	19	8.147785
11111122	2021	7	20	8.25239
11111122	2021	7	21	8.243309
11111122	2021	7	22	8.325853
11111122	2021	7	23	8.316862
11111122	2021	7	24	8.130362
11111122	2021	7	25	8.148495
11111122	2021	7	26	8.213726
11111122	2021	7	27	8.326025
11111122	2021	7	28	8.36019
11111122	2021	7	29	8.430608
11111122	2021	7	30	8.464794
11111122	2021	7	31	8.430868
11111122	2021	8	1	8.469102
11111122	2021	8	2	8.511398
11111122	2021	8	3	8.365076
11111122	2021	8	4	8.470125
11111122	2021	8	5	7.6578984
11111122	2021	8	6	7.511305
11111122	2021	8	7	7.4857697
11111122	2021	8	8	7.414655
11111122	2021	8	9	7.4003267
11111122	2021	8	10	7.3753657
11111122	2021	8	11	7.589841
11111122	2021	8	12	7.1823874
11111122	2021	8	13	7.1810203
11111122	2021	8	14	7.1142864
11111122	2021	8	15	7.053756
11111122	2021	8	16	7.0151076
11111122	2021	8	17	6.7175536
11111122	2021	8	18	6.621275
11111122	2021	8	19	6.3664265
11111122	2021	8	20	6.163154
11111122	2021	8	21	5.9908614
11111122	2021	8	22	5.7948236
11111122	2021	8	23	5.6482687
11111122	2021	8	24	5.5279646
11111122	2021	8	25	5.432143
11111122	2021	8	26	5.3568487
11111122	2021	8	27	5.316551
11111122	2021	8	28	5.371805
11111122	2021	8	29	5.370473
11111122	2021	8	30	5.42146
11111122	2021	8	31	5.8752747
11111122	2021	9	1	5.684057
11111122	2021	9	2	5.1577196
11111122	2021	9	3	5.1248035
11111122	2021	9	4	5.1051884
11111122	2021	9	5	5.104787
11111122	2021	9	6	5.1207256
11111122	2021	9	7	5.0842695
11111122	2021	9	8	5.174678
11111122	2021	9	9	5.075944
11111122	2021	9	10	5.071048
11111122	2021	9	11	5.067008
11111122	2021	9	12	5.064636
11111122	2021	9	13	5.067298
11111122	2021	9	14	5.0702744
11111122	2021	9	15	5.2219067
11111122	2021	9	16	5.192196
11111122	2021	9	17	5.0565767
11111122	2021	9	18	5.363516
11111122	2021	9	19	5.317765
11111122	2021	9	20	5.0528803
11111122	2021	9	21	5.036766
11111122	2021	9	22	5.0387144
11111122	2021	9	23	5.0360317
11111122	2021	9	24	5.0381374
11111122	2021	9	25	5.039921
11111122	2021	9	26	5.0414352
11111122	2021	9	27	5.0427074
11111122	2021	9	28	5.0437813
11111122	2021	9	29	5.044697
11111122	2021	9	30	5.0454836
11111122	2021	10	1	5.0461607
11111122	2021	10	2	5.1931334
11111122	2021	10	3	5.1646748
11111122	2021	10	4	7.3444324
11111122	2021	10	5	5.3401117
11111122	2021	10	6	5.0295944
11111122	2021	10	7	5.0773554
11111122	2021	10	8	6.1954827
11111122	2021	10	9	5.2180433
11111122	2021	10	10	5.0153036
11111122	2021	10	11	5.875354
11111122	2021	10	12	6.0248294
11111122	2021	10	13	6.044597
11111122	2021	10	14	6.040692
11111122	2021	10	15	6.098526
11111122	2021	10	16	6.1079865
11111122	2021	10	17	6.180785
11111122	2021	10	18	6.3042884
11111122	2021	10	19	6.488654
11111122	2021	10	20	6.700532
11111122	2021	10	21	7.439238
11111122	2021	10	22	7.120895
11111122	2021	10	23	7.358762
11111122	2021	10	24	7.5883756
11111122	2021	10	25	7.796697
11111122	2021	10	26	7.95599
11111122	2021	10	27	8.148342
11111122	2021	10	28	8.387808
11111122	2021	10	29	8.121359
11111122	2021	10	30	8.24411
11111122	2021	10	31	8.301631
11111122	2021	11	1	8.362616
11111122	2021	11	2	8.375008
11111122	2021	11	3	8.40448
11111122	2021	11	4	8.474018
11111122	2021	11	5	8.4185505
11111122	2021	11	6	8.424837
11111122	2021	11	7	8.458171
11111122	2021	11	8	8.488705
11111122	2021	11	9	8.445913
11111122	2021	11	10	8.407463
11111122	2021	11	11	8.469011
11111122	2021	11	12	8.556261
11111122	2021	11	13	8.686073
11111122	2021	11	14	8.792898
11111122	2021	11	15	8.95401
11111122	2021	11	16	9.05703
11111122	2021	11	17	9.12191
11111122	2021	11	18	9.141678
11111122	2021	11	19	9.158209
11111122	2021	11	20	9.210926
11111122	2021	11	21	9.27622
11111122	2021	11	22	9.42997
11111122	2021	11	23	8.917006
11111122	2021	11	24	8.976706
11111122	2021	11	25	8.917114
11111122	2021	11	26	8.802605
11111122	2021	11	27	8.846016
11111122	2021	11	28	8.8398285
11111122	2021	11	29	8.772102
11111122	2021	11	30	8.660427
11111122	2021	12	1	8.593153
11111122	2021	12	2	8.530232
11111122	2021	12	3	8.438326
11111122	2021	12	4	8.400734
11111122	2021	12	5	8.394005
11111122	2021	12	6	8.539818
11111122	2021	12	7	8.075623
11111122	2021	12	8	8.299307
11111122	2021	12	9	8.255529
11111122	2021	12	10	8.289927
11111122	2021	12	11	8.549099
11111122	2021	12	12	8.097233
11111122	2021	12	13	8.442335
11111122	2021	12	14	8.569698
11111122	2021	12	15	8.697521
11111122	2021	12	16	8.742851
11111122	2021	12	17	8.902238
11111122	2021	12	18	9.237862
11111122	2021	12	19	9.07757
11111122	2021	12	20	9.198048
11111122	2021	12	21	9.359627
11111122	2021	12	22	9.523575
11111122	2021	12	23	9.661896
11111122	2021	12	24	9.735477
11111122	2021	12	25	9.797352
11111122	2021	12	26	9.832801
11111122	2021	12	27	9.877686
11111122	2021	12	28	9.905346
11111122	2021	12	29	9.977577
11111122	2021	12	30	10.210077
11111122	2021	12	31	8.001066
11111122	2022	1	1	9.958026
11111122	2022	1	2	10.346148
11111122	2022	1	3	9.217527
11111122	2022	1	4	9.566454
11111122	2022	1	5	9.481729
11111122	2022	1	6	9.474012
11111122	2022	1	7	9.541925
11111122	2022	1	8	9.695261
11111122	2022	1	9	10.019833
11111122	2022	1	10	9.35469
11111122	2022	1	11	9.563379
11111122	2022	1	12	9.585816
11111122	2022	1	13	9.6497
11111122	2022	1	14	9.68778
11111122	2022	1	15	10.024694
11111122	2022	1	16	9.717733
11111122	2022	1	17	9.38063
11111122	2022	1	18	9.444828
11111122	2022	1	19	9.437723
11111122	2022	1	20	9.617611
11111122	2022	1	21	9.175831
11111122	2022	1	22	9.369835
11111122	2022	1	23	9.419915
11111122	2022	1	24	9.4248085
11111122	2022	1	25	9.48263
11111122	2022	1	26	9.655685
11111122	2022	1	27	8.39864
11111122	2022	1	28	8.492796
11111122	2022	1	29	8.497961
11111122	2022	1	30	8.472101
11111122	2022	1	31	9.884072
11111122	2022	2	1	9.889341
11111122	2022	2	2	10.0448
11111122	2022	2	3	10.5701275
11111122	2022	2	4	9.277771
11111122	2022	2	5	9.561131
11111122	2022	2	6	9.635456
11111122	2022	2	7	9.578139
11111122	2022	2	8	9.484951
11111122	2022	2	9	9.5096035
11111122	2022	2	10	9.620737
11111122	2022	2	11	9.712809
11111122	2022	2	12	9.795042
11111122	2022	2	13	9.884484
11111122	2022	2	14	9.912038
11111122	2022	2	15	10.0731125
11111122	2022	2	16	10.342752
11111122	2022	2	17	10.675995
11111122	2022	2	18	9.933216
11111122	2022	2	19	10.332948
11111122	2022	2	20	10.573156
11111122	2022	2	21	10.803279
11111122	2022	2	22	10.501022
11111122	2022	2	23	10.964614
11111122	2022	2	24	11.234507
11111122	2022	2	25	11.465653
11111122	2022	2	26	11.22726
11111122	2022	2	27	9.8869
11111122	2022	2	28	11.278414
11111122	2022	3	1	11.228634
11111122	2022	3	2	11.396175
11111122	2022	3	3	11.486272
11111122	2022	3	4	10.011396
11111122	2022	3	5	9.632058
11111122	2022	3	6	9.14612
11111122	2022	3	7	8.882633
11111122	2022	3	8	8.623772
11111122	2022	3	9	8.261147
11111122	2022	3	10	7.8699603
11111122	2022	3	11	7.8219266
11111122	2022	3	12	7.4353046
11111122	2022	3	13	7.281499
11111122	2022	3	14	7.208461
11111122	2022	3	15	7.3390994
11111122	2022	3	16	7.115574
11111122	2022	3	17	6.9472876
11111122	2022	3	18	7.230961
11111122	2022	3	19	6.765436
11111122	2022	3	20	6.701112
11111122	2022	3	21	6.6300077
11111122	2022	3	22	6.9155765
11111122	2022	3	23	6.7771673
11111122	2022	3	24	6.452236
11111122	2022	3	25	6.406452
11111122	2022	3	26	6.350685
11111122	2022	3	27	6.288964
11111122	2022	3	28	6.21695
11111122	2022	3	29	6.9375067
11111122	2022	3	30	7.95192
11111122	2022	3	31	7.2932467
11111122	2022	4	1	7.4043407
11111122	2022	4	2	7.71156
11111122	2022	4	3	7.910023
11111122	2022	4	4	8.002787
11111122	2022	4	5	9.723188
11111122	2022	4	6	7.904005
11111122	2022	4	7	7.764646
11111122	2022	4	8	7.8793573
11111122	2022	4	9	7.934318
11111122	2022	4	10	7.939449
11111122	2022	4	11	7.9990816
11111122	2022	4	12	8.064634
11111122	2022	4	13	8.168196
11111122	2022	4	14	7.9298935
11111122	2022	4	15	7.972811
11111122	2022	4	16	14.346215
11111122	2022	4	17	17.0166
11111122	2022	4	18	17.434263
11111122	2022	4	19	17.179684
11111122	2022	4	20	17.19878
11111122	2022	4	21	17.259703
11111122	2022	4	22	17.333084
11111122	2022	4	23	17.30179
11111122	2022	4	24	17.271275
11111122	2022	4	25	17.284023
11111122	2022	4	26	16.993547
11111122	2022	4	27	17.283245
11111122	2022	4	28	17.21719
11111122	2022	4	29	17.218357
11111122	2022	4	30	17.207706
11111122	2022	5	1	17.303978
11111122	2022	5	2	17.278727
11111122	2022	5	3	17.315815
11111122	2022	5	4	17.34822
11111122	2022	5	5	17.376884
11111122	2022	5	6	17.365458
11111122	2022	5	7	17.419193
11111122	2022	5	8	17.406109
11111122	2022	5	9	17.417595
11111122	2022	5	10	17.414816
11111122	2022	5	11	17.386002
11111122	2022	5	12	17.402185
11111122	2022	5	13	17.420937
11111122	2022	5	14	17.426006
11111122	2022	5	15	17.43876
11111122	2022	5	16	17.497639
11111122	2022	5	17	17.518261
11111122	2022	5	18	17.543222
11111122	2022	5	19	17.609884
11111122	2022	5	20	17.53922
11111122	2022	5	21	11.522591
11111122	2022	5	22	7.636084
11111122	2022	5	23	8.1219425
11111122	2022	5	24	7.4228253
11111122	2022	5	25	7.6050005
11111122	2022	5	26	7.6205745
11111122	2022	5	27	7.4677835
11111122	2022	5	28	7.435849
11111122	2022	5	29	7.4569087
11111122	2022	5	30	7.530268
11111122	2022	5	31	7.595507
11111122	2022	6	1	7.592245
11111122	2022	6	2	7.559562
11111122	2022	6	3	7.6620717
11111122	2022	6	4	7.5218754
11111122	2022	6	5	7.511627
11111122	2022	6	6	17.510883
11111122	2022	6	7	17.62445
11111122	2022	6	8	17.418627
11111122	2022	6	9	6.9738116
11111122	2022	6	10	17.50341
11111122	2022	6	11	17.350689
11111122	2022	6	12	17.357351
11111122	2022	6	13	17.376532
11111122	2022	6	14	17.402214
11111122	2022	6	15	17.685642
11111122	2022	6	16	17.82019
11111122	2022	6	17	17.683178
11111122	2022	6	18	17.739597
11111122	2022	6	19	17.890114
11111122	2022	6	20	17.313288
11111122	2022	6	21	17.516195
11111122	2022	6	22	17.487083
11111122	2022	6	23	17.464676
11111122	2022	6	24	17.45536
11111122	2022	6	25	17.464693
11111122	2022	6	26	17.448927
11111122	2022	6	27	17.059566
11111122	2022	6	28	17.626657
11111122	2022	6	29	17.35103
11111122	2022	6	30	17.440155
11111122	2022	7	1	13.194596
11111122	2022	7	2	8.441622
11111122	2022	7	3	7.061658
11111122	2022	7	4	7.0194464
11111122	2022	7	5	6.9272957
11111122	2022	7	6	6.577595
11111122	2022	7	7	6.7314606
11111122	2022	7	8	6.697984
11111122	2022	7	9	7.2212033
11111122	2022	7	10	6.305261
11111122	2022	7	11	6.298642
11111122	2022	7	12	6.1194577
11111122	2022	7	13	6.0136476
11111122	2022	7	14	5.9084215
11111122	2022	7	15	5.7740974
11111122	2022	7	16	5.676133
11111122	2022	7	17	5.6085176
11111122	2022	7	18	5.5732145
11111122	2022	7	19	5.5517225
11111122	2022	7	20	5.539274
11111122	2022	7	21	5.486288
11111122	2022	7	22	5.4645643
11111122	2022	7	23	5.449107
11111122	2022	7	24	5.4582157
11111122	2022	7	25	5.4850426
11111122	2022	7	26	5.5096216
11111122	2022	7	27	5.581976
11111122	2022	7	28	5.5845795
11111122	2022	7	29	5.6069613
11111122	2022	7	30	5.6142473
11111122	2022	7	31	5.5937757
11111122	2022	8	1	5.547366
11111122	2022	8	2	5.225438
11111122	2022	8	3	5.14804
11111122	2022	8	4	5.4061766
11111122	2022	8	5	5.678335
11111122	2022	8	6	5.5361166
11111122	2022	8	7	5.54461
11111122	2022	8	8	5.5308313
11111122	2022	8	9	5.517995
11111122	2022	8	10	5.5542336
11111122	2022	8	11	5.504513
11111122	2022	8	12	5.430811
11111122	2022	8	13	5.3642883
11111122	2022	8	14	5.381339
11111122	2022	8	15	5.4108152
11111122	2022	8	16	5.3765287
11111122	2022	8	17	5.4154243
11111122	2022	8	18	5.431182
11111122	2022	8	19	5.431426
11111122	2022	8	20	5.414338
11111122	2022	8	21	5.3962564
11111122	2022	8	22	5.4094887
11111122	2022	8	23	5.398677
11111122	2022	8	24	5.4753685
11111122	2022	8	25	5.522792
11111122	2022	8	26	5.518221
11111122	2022	8	27	5.5449686
11111122	2022	8	28	5.5290594
11111122	2022	8	29	5.4708605
11111122	2022	8	30	5.371725
11111122	2022	8	31	5.4300756
11111122	2022	9	1	5.454788
11111122	2022	9	2	5.4607573
11111122	2022	9	3	5.4650145
11111122	2022	9	4	5.4776726
11111122	2022	9	5	5.517722
11111122	2022	9	6	5.535239
11111122	2022	9	7	5.5251303
11111122	2022	9	8	5.526637
11111122	2022	9	9	5.531234
11111122	2022	9	10	5.511262
11111122	2022	9	11	5.472331
11111122	2022	9	12	5.4056053
11111122	2022	9	13	5.3758144
11111122	2022	9	14	5.3576975
11111122	2022	9	15	5.3505
11111122	2022	9	16	5.32458
11111122	2022	9	17	5.296508
11111122	2022	9	18	5.3107147
11111122	2022	9	19	5.3150377
11111122	2022	9	20	5.2904673
11111122	2022	9	21	5.2887964
11111122	2022	9	22	5.2875614
11111122	2022	9	23	5.272949
11111122	2022	9	24	5.2954807
11111122	2022	9	25	5.299818
11111122	2022	9	26	5.301716
11111122	2022	9	27	17.704458
11111122	2022	9	28	17.707855
11111122	2022	9	29	17.688631
11111122	2022	9	30	17.69908
11111122	2022	10	1	17.695219
11111122	2022	10	2	17.688147
11111122	2022	10	3	17.727144
11111122	2022	10	4	17.703268
11111122	2022	10	5	17.718102
11111122	2022	10	6	17.74674
11111122	2022	10	7	17.752888
11111122	2022	10	8	17.75784
11111122	2022	10	9	17.74037
11111122	2022	10	10	17.73149
11111122	2022	10	11	17.727058
11111122	2022	10	12	17.73838
11111122	2022	10	13	17.739548
11111122	2022	10	14	17.765104
11111122	2022	10	15	17.76504
11111122	2022	10	16	17.766323
11111122	2022	10	17	17.761477
11111122	2022	10	18	17.770397
11111122	2022	10	19	17.765837
11111122	2022	10	20	17.761568
11111122	2022	10	21	17.77133
11111122	2022	10	22	17.77933
11111122	2022	10	23	17.786318
11111122	2022	10	24	17.770317
11111122	2022	10	25	17.747284
11111122	2022	10	26	17.74378
11111122	2022	10	27	17.74432
11111122	2022	10	28	17.736813
11111122	2022	10	29	17.755283
11111122	2022	10	30	17.741053
11111122	2022	10	31	17.733831
11111122	2022	11	1	17.708982
11111122	2022	11	2	17.711645
11111122	2022	11	3	17.735731
11111122	2022	11	4	17.73813
11111122	2022	11	5	17.741552
11111122	2022	11	6	17.738695
11111122	2022	11	7	17.748745
11111122	2022	11	8	17.764221
11111122	2022	11	9	17.755116
11111122	2022	11	10	17.73664
11111122	2022	11	11	17.739985
11111122	2022	11	12	17.744112
11111122	2022	11	13	17.742098
11111122	2022	11	14	17.729618
11111122	2022	11	15	17.635735
11111122	2022	11	16	17.657066
11111122	2022	11	17	17.698711
11111122	2022	11	18	17.654808
11111122	2022	11	19	17.563656
11111122	2022	11	20	17.523697
11111122	2022	11	21	17.484932
11111122	2022	11	22	17.481794
11111122	2022	11	23	17.454123
11111122	2022	11	24	17.453346
11111122	2022	11	25	17.474741
11111122	2022	11	26	17.469482
11111122	2022	11	27	17.44855
11111122	2022	11	28	17.394604
11111122	2022	11	29	17.416319
11111122	2022	11	30	17.389397
11111122	2022	12	1	17.339607
11111122	2022	12	2	17.15081
11111122	2022	12	3	17.274261
11111122	2022	12	4	17.299957
11111122	2022	12	5	17.281918
11111122	2022	12	6	17.279022
11111122	2022	12	7	17.285967
11111122	2022	12	8	17.254639
11111122	2022	12	9	17.231184
11111122	2022	12	10	17.220028
11111122	2022	12	11	17.14349
