ID	year	month	day	gwdepth
00000004	2012	7	3	8.65
00000004	2012	7	4	8.68
00000004	2012	7	5	8.68
00000004	2012	7	6	8.66
00000004	2012	7	7	8.63
00000004	2012	7	8	8.62
00000004	2012	7	9	8.63
00000004	2012	7	10	8.64
00000004	2012	7	11	8.66
00000004	2012	7	12	8.65
00000004	2012	7	13	8.64
00000004	2012	7	14	8.64
00000004	2012	7	15	8.63
00000004	2012	7	16	8.61
00000004	2012	7	17	8.62
00000004	2012	7	18	8.66
00000004	2012	7	19	8.66
00000004	2012	7	20	8.66
00000004	2012	7	21	8.67
00000004	2012	7	22	8.59
00000004	2012	7	23	8.57
00000004	2012	7	24	8.55
00000004	2012	7	25	8.56
00000004	2012	7	26	8.58
00000004	2012	7	27	8.63
00000004	2012	7	28	8.65
00000004	2012	7	29	8.65
00000004	2012	7	30	8.66
00000004	2012	7	31	8.66
00000004	2012	8	1	8.66
00000004	2012	8	2	8.67
00000004	2012	8	3	8.69
00000004	2012	8	4	8.71
00000004	2012	8	5	8.71
00000004	2012	8	6	8.69
00000004	2012	8	7	8.64
00000004	2012	8	8	8.56
00000004	2012	8	9	8.53
00000004	2012	8	10	8.54
00000004	2012	8	11	8.59
00000004	2012	8	12	8.63
00000004	2012	8	13	8.61
00000004	2012	8	14	8.5
00000004	2012	8	15	8.5
00000004	2012	8	16	8.52
00000004	2012	8	17	8.45
00000004	2012	8	18	8.33
00000004	2012	8	19	8.22
00000004	2012	8	20	8.22
00000004	2012	8	21	8.28
00000004	2012	8	22	8.32
00000004	2012	8	23	8.35
00000004	2012	8	24	8.37
00000004	2012	8	25	8.4
00000004	2012	8	26	8.36
00000004	2012	8	27	8.34
00000004	2012	8	28	8.35
00000004	2012	8	29	8.38
00000004	2012	8	30	8.44
00000004	2012	8	31	8.49
00000004	2012	9	1	8.48
00000004	2012	9	2	8.39
00000004	2012	9	3	8.31
00000004	2012	9	4	7.93
00000004	2012	9	5	7.89
00000004	2012	9	6	7.95
00000004	2012	9	7	7.97
00000004	2012	9	8	8.02
00000004	2012	9	9	8.1
00000004	2012	9	10	8.15
00000004	2012	9	11	8.19
00000004	2012	9	12	8.22
00000004	2012	9	13	8.25
00000004	2012	9	14	8.27
00000004	2012	9	15	8.28
00000004	2012	9	16	8.28
00000004	2012	9	17	8.25
00000004	2012	9	18	8.31
00000004	2012	9	19	8.37
00000004	2012	9	20	8.37
00000004	2012	9	21	8.38
00000004	2012	9	22	8.41
00000004	2012	9	23	8.45
00000004	2012	9	24	8.46
00000004	2012	9	25	8.47
00000004	2012	9	26	8.49
00000004	2012	9	27	8.5
00000004	2012	9	28	8.5
00000004	2012	9	29	8.5
00000004	2012	9	30	8.44
00000004	2012	10	1	8.28
00000004	2012	10	2	8.33
00000004	2012	10	3	8.4
00000004	2012	10	4	8.43
00000004	2012	10	5	8.39
00000004	2012	10	6	8.42
00000004	2012	10	7	8.47
00000004	2012	10	8	8.49
00000004	2012	10	9	8.49
00000004	2012	10	10	8.53
00000004	2012	10	11	8.56
00000004	2012	10	12	8.56
00000004	2012	10	13	8.56
00000004	2012	10	14	8.54
00000004	2012	10	15	8.49
00000004	2012	10	16	8.48
00000004	2012	10	17	8.45
00000004	2012	10	18	8.37
00000004	2012	10	19	8.34
00000004	2012	10	20	8.39
00000004	2012	10	21	8.44
00000004	2012	10	22	8.46
00000004	2012	10	23	8.47
00000004	2012	10	24	8.48
00000004	2012	10	25	8.49
00000004	2012	10	26	8.51
00000004	2012	10	27	8.53
00000004	2012	10	28	8.56
00000004	2012	10	29	8.58
00000004	2012	10	30	8.56
00000004	2012	10	31	8.59
00000004	2012	11	1	8.61
00000004	2012	11	2	8.61
00000004	2012	11	3	8.63
00000004	2012	11	4	8.65
00000004	2012	11	5	8.64
00000004	2012	11	6	8.64
00000004	2012	11	7	8.66
00000004	2012	11	8	8.7
00000004	2012	11	9	8.7
00000004	2012	11	10	8.71
00000004	2012	11	11	8.7
00000004	2012	11	12	8.73
00000004	2012	11	13	8.72
00000004	2012	11	14	8.69
00000004	2012	11	15	8.71
00000004	2012	11	16	8.74
00000004	2012	11	17	8.76
00000004	2012	11	18	8.75
00000004	2012	11	19	8.74
00000004	2012	11	20	8.73
00000004	2012	11	21	8.76
00000004	2012	11	22	8.78
00000004	2012	11	23	8.79
00000004	2012	11	24	8.8
00000004	2012	11	25	8.78
00000004	2012	11	26	8.8
00000004	2012	11	27	8.83
00000004	2012	11	28	8.85
00000004	2012	11	29	8.88
00000004	2012	11	30	8.91
00000004	2012	12	1	8.92
00000004	2012	12	2	8.93
00000004	2012	12	3	8.93
00000004	2012	12	4	8.93
00000004	2012	12	5	8.88
00000004	2012	12	6	8.84
00000004	2012	12	7	8.84
00000004	2012	12	8	8.86
00000004	2012	12	9	8.87
00000004	2012	12	10	8.69
00000004	2012	12	11	8.65
00000004	2012	12	12	8.66
00000004	2012	12	13	8.68
00000004	2012	12	14	8.66
00000004	2012	12	15	8.63
00000004	2012	12	16	8.57
00000004	2012	12	17	8.45
00000004	2012	12	18	8.5
00000004	2012	12	19	8.49
00000004	2012	12	20	8.48
00000004	2012	12	21	8.56
00000004	2012	12	22	8.54
00000004	2012	12	23	8.48
00000004	2012	12	24	8.42
00000004	2012	12	25	8.29
00000004	2012	12	26	8.25
00000004	2012	12	27	8.26
00000004	2012	12	28	8.2
00000004	2012	12	29	8.25
00000004	2012	12	30	8.26
00000004	2012	12	31	8.18
00000004	2013	1	1	8.11
00000004	2013	1	2	8.04
00000004	2013	1	3	8.07
00000004	2013	1	4	8.09
00000004	2013	1	5	8.09
00000004	2013	1	6	8.1
00000004	2013	1	7	8.13
00000004	2013	1	8	8.14
00000004	2013	1	9	8.18
00000004	2013	1	10	8.13
00000004	2013	1	11	8.11
00000004	2013	1	12	8.05
00000004	2013	1	13	8.01
00000004	2013	1	14	7.87
00000004	2013	1	15	7.69
00000004	2013	1	16	7.67
00000004	2013	1	17	7.66
00000004	2013	1	18	7.66
00000004	2013	1	19	7.61
00000004	2013	1	20	7.63
00000004	2013	1	21	7.69
00000004	2013	1	22	7.77
00000004	2013	1	23	7.77
00000004	2013	1	24	7.81
00000004	2013	1	25	7.81
00000004	2013	1	26	7.89
00000004	2013	1	27	7.91
00000004	2013	1	28	7.91
00000004	2013	1	29	7.85
00000004	2013	1	30	7.74
00000004	2013	1	31	7.8
00000004	2013	2	1	7.85
00000004	2013	2	2	7.78
00000004	2013	2	3	7.79
00000004	2013	2	4	7.8
00000004	2013	2	5	7.84
00000004	2013	2	6	7.89
00000004	2013	2	7	7.86
00000004	2013	2	8	7.96
00000004	2013	2	9	7.97
00000004	2013	2	10	7.86
00000004	2013	2	11	7.69
00000004	2013	2	12	7.56
00000004	2013	2	13	7.55
00000004	2013	2	14	7.55
00000004	2013	2	15	7.55
00000004	2013	2	16	7.6
00000004	2013	2	17	7.64
00000004	2013	2	18	7.61
00000004	2013	2	19	7.63
00000004	2013	2	20	7.65
00000004	2013	2	21	7.58
00000004	2013	2	22	7.55
00000004	2013	2	23	7.55
00000004	2013	2	24	7.55
00000004	2013	2	25	7.55
00000004	2013	2	26	7.55
00000004	2013	2	27	7.55
00000004	2013	2	28	7.55
00000004	2013	3	1	7.56
00000004	2013	3	2	7.58
00000004	2013	3	3	7.6
00000004	2013	3	4	7.58
00000004	2013	3	5	7.61
00000004	2013	3	6	7.71
00000004	2013	3	7	7.71
00000004	2013	3	8	7.71
00000004	2013	3	9	7.68
00000004	2013	3	10	7.66
00000004	2013	3	11	7.56
00000004	2013	3	12	7.55
00000004	2013	3	13	7.55
00000004	2013	3	14	7.56
00000004	2013	3	15	7.55
00000004	2013	3	16	7.55
00000004	2013	3	17	7.55
00000004	2013	3	18	7.56
00000004	2013	3	19	7.64
00000004	2013	3	20	7.65
00000004	2013	3	21	7.64
00000004	2013	3	22	7.65
00000004	2013	3	23	7.59
00000004	2013	3	24	7.55
00000004	2013	3	25	7.57
00000004	2013	3	26	7.62
00000004	2013	3	27	7.62
00000004	2013	3	28	7.61
00000004	2013	3	29	7.6
00000004	2013	3	30	7.58
00000004	2013	3	31	7.55
00000004	2013	4	1	7.55
00000004	2013	4	2	7.55
00000004	2013	4	3	7.55
00000004	2013	4	4	7.55
00000004	2013	4	5	7.55
00000004	2013	4	6	7.55
00000004	2013	4	7	7.55
00000004	2013	4	8	7.55
00000004	2013	4	9	7.55
00000004	2013	4	10	7.55
00000004	2013	4	11	7.55
00000004	2013	4	12	7.55
00000004	2013	4	13	7.55
00000004	2013	4	14	7.55
00000004	2013	4	15	7.55
00000004	2013	4	16	7.55
00000004	2013	4	17	7.55
00000004	2013	4	18	7.55
00000004	2013	4	19	7.55
00000004	2013	4	20	7.55
00000004	2013	4	21	7.55
00000004	2013	4	22	7.55
00000004	2013	4	23	7.55
00000004	2013	4	24	7.55
00000004	2013	4	25	7.56
00000004	2013	4	26	7.56
00000004	2013	4	27	7.55
00000004	2013	4	28	7.55
00000004	2013	4	29	7.55
00000004	2013	4	30	7.55
00000004	2013	5	1	7.56
00000004	2013	5	2	7.56
00000004	2013	5	3	7.55
00000004	2013	5	4	7.55
00000004	2013	5	5	7.55
00000004	2013	5	6	7.43
00000004	2013	5	7	7.26
00000004	2013	5	8	7.19
00000004	2013	5	9	7.09
00000004	2013	5	10	6.94
00000004	2013	5	11	6.95
00000004	2013	5	12	6.99
00000004	2013	5	13	7
00000004	2013	5	14	7
00000004	2013	5	15	7.21
00000004	2013	5	16	7.59
00000004	2013	5	17	7.56
00000004	2013	5	18	7.52
00000004	2013	5	19	7.47
00000004	2013	5	20	7.44
00000004	2013	5	21	7.41
00000004	2013	5	22	7.43
00000004	2013	5	23	7.47
00000004	2013	5	24	7.53
00000004	2013	5	25	7.53
00000004	2013	5	26	7.51
00000004	2013	5	27	7.51
00000004	2013	5	28	7.51
00000004	2013	5	29	7.52
00000004	2013	5	30	7.51
00000004	2013	5	31	7.51
00000004	2013	6	1	7.51
00000004	2013	6	2	7.49
00000004	2013	6	3	7.51
00000004	2013	6	4	7.53
00000004	2013	6	5	7.51
00000004	2013	6	6	7.43
00000004	2013	6	7	7.37
00000004	2013	6	8	7.38
00000004	2013	6	9	7.41
00000004	2013	6	10	7.41
00000004	2013	6	11	7.44
00000004	2013	6	12	7.47
00000004	2013	6	13	7.46
00000004	2013	6	14	7.52
00000004	2013	6	15	7.58
00000004	2013	6	16	7.59
00000004	2013	6	17	7.6
00000004	2013	6	18	7.61
00000004	2013	6	19	7.64
00000004	2013	6	20	7.68
00000004	2013	6	21	7.7
00000004	2013	6	22	7.7
00000004	2013	6	23	7.72
00000004	2013	6	24	7.75
00000004	2013	6	25	7.75
00000004	2013	6	26	7.74
00000004	2013	6	27	7.75
00000004	2013	6	28	7.74
00000004	2013	6	29	7.73
00000004	2013	6	30	7.77
00000004	2013	7	1	7.81
00000004	2013	7	2	7.86
00000004	2013	7	3	7.87
00000004	2013	7	4	7.8
00000004	2013	7	5	7.7
00000004	2013	7	6	7.58
00000004	2013	7	7	7.6
00000004	2013	7	8	7.62
00000004	2013	7	9	7.63
00000004	2013	7	10	7.63
00000004	2013	7	11	7.59
00000004	2013	7	12	7.58
00000004	2013	7	13	7.62
00000004	2013	7	14	7.64
00000004	2013	7	15	7.61
00000004	2013	7	16	7.61
00000004	2013	7	17	7.62
00000004	2013	7	18	7.55
00000004	2013	7	19	7.53
00000004	2013	7	20	7.55
00000004	2013	7	21	7.58
00000004	2013	7	22	7.61
00000004	2013	7	23	7.61
00000004	2013	7	24	7.53
00000004	2013	7	25	7.48
00000004	2013	7	26	7.49
00000004	2013	7	27	7.49
00000004	2013	7	28	7.54
00000004	2013	7	29	7.61
00000004	2013	7	30	7.63
00000004	2013	7	31	7.62
00000004	2013	8	1	7.59
00000004	2013	8	2	7.6
00000004	2013	8	3	7.63
00000004	2013	8	4	7.65
00000004	2013	8	5	7.67
00000004	2013	8	6	7.67
00000004	2013	8	7	7.67
00000004	2013	8	8	7.69
00000004	2013	8	9	7.73
00000004	2013	8	10	7.75
00000004	2013	8	11	7.77
00000004	2013	8	12	7.75
00000004	2013	8	13	7.69
00000004	2013	8	14	7.57
00000004	2013	8	15	7.54
00000004	2013	8	16	7.56
00000004	2013	8	17	7.59
00000004	2013	8	18	7.63
00000004	2013	8	19	7.57
00000004	2013	8	20	7.58
00000004	2013	8	21	7.61
00000004	2013	8	22	7.61
00000004	2013	8	23	7.59
00000004	2013	8	24	7.63
00000004	2013	8	25	7.63
00000004	2013	8	26	7.61
00000004	2013	8	27	7.59
00000004	2013	8	28	7.6
00000004	2013	8	29	7.62
00000004	2013	8	30	7.64
00000004	2013	8	31	7.66
00000004	2013	9	1	7.68
00000004	2013	9	2	7.71
00000004	2013	9	3	7.74
00000004	2013	9	4	7.78
00000004	2013	9	5	7.79
00000004	2013	9	6	7.79
00000004	2013	9	7	7.79
00000004	2013	9	8	7.8
00000004	2013	9	9	7.79
00000004	2013	9	10	7.79
00000004	2013	9	11	7.79
00000004	2013	9	12	7.79
00000004	2013	9	13	7.79
00000004	2013	9	14	7.87
00000004	2013	9	15	7.91
00000004	2013	9	16	7.92
00000004	2013	9	17	7.92
00000004	2013	9	18	7.94
00000004	2013	9	19	7.93
00000004	2013	9	20	7.9
00000004	2013	9	21	7.81
00000004	2013	9	22	7.8
00000004	2013	9	23	7.83
00000004	2013	9	24	7.84
00000004	2013	9	25	7.84
00000004	2013	9	26	7.84
00000004	2013	9	27	7.84
00000004	2013	9	28	7.84
00000004	2013	9	29	7.84
00000004	2013	9	30	7.84
00000004	2013	10	1	7.84
00000004	2013	10	2	7.84
00000004	2013	10	3	7.84
00000004	2013	10	4	7.84
00000004	2013	10	5	7.84
00000004	2013	10	6	7.84
00000004	2013	10	7	7.84
00000004	2013	10	8	7.84
00000004	2013	10	9	7.84
00000004	2013	10	10	7.84
00000004	2013	10	11	7.84
00000004	2013	10	12	7.84
00000004	2013	10	13	7.84
00000004	2013	10	14	7.84
00000004	2013	10	15	7.84
00000004	2013	10	16	7.84
00000004	2013	10	17	7.84
00000004	2013	10	18	7.84
00000004	2013	10	19	7.84
00000004	2013	10	20	7.84
00000004	2013	10	21	7.84
00000004	2013	10	22	7.84
00000004	2013	10	23	7.84
00000004	2013	10	24	8.02
00000004	2013	10	25	8.26
00000004	2013	10	26	8.22
00000004	2013	10	27	8.21
00000004	2013	10	28	8.26
00000004	2013	10	29	8.28
00000004	2013	10	30	8.26
00000004	2013	10	31	8.19
00000004	2013	11	1	8.19
00000004	2013	11	2	8.26
00000004	2013	11	3	8.29
00000004	2013	11	4	8.3
00000004	2013	11	5	8.3
00000004	2013	11	6	8.25
00000004	2013	11	7	8.26
00000004	2013	11	8	8.25
00000004	2013	11	9	8.23
00000004	2013	11	10	8.24
00000004	2013	11	11	8.24
00000004	2013	11	12	8.32
00000004	2013	11	13	8.34
00000004	2013	11	14	8.27
00000004	2013	11	15	8.23
00000004	2013	11	16	8.23
00000004	2013	11	17	8.2
00000004	2013	11	18	8.28
00000004	2013	11	19	8.31
00000004	2013	11	20	8.32
00000004	2013	11	21	8.35
00000004	2013	11	22	8.34
00000004	2013	11	23	8.38
00000004	2013	11	24	8.39
00000004	2013	11	25	8.32
00000004	2013	11	26	7.94
00000004	2013	11	27	8
00000004	2013	11	28	8.06
00000004	2013	11	29	8.07
00000004	2013	11	30	8.06
00000004	2013	12	1	8.02
00000004	2013	12	2	7.99
00000004	2013	12	3	8.03
00000004	2013	12	4	8.09
00000004	2013	12	5	8.13
00000004	2013	12	6	8.18
00000004	2013	12	7	8.22
00000004	2013	12	8	8.04
00000004	2013	12	9	7.8
00000004	2013	12	10	7.83
00000004	2013	12	11	7.83
00000004	2013	12	12	7.86
00000004	2013	12	13	7.81
00000004	2013	12	14	7.73
00000004	2013	12	15	7.82
00000004	2013	12	16	7.8
00000004	2013	12	17	7.81
00000004	2013	12	18	7.86
00000004	2013	12	19	7.85
00000004	2013	12	20	7.85
00000004	2013	12	21	7.82
00000004	2013	12	22	7.65
00000004	2013	12	23	7.72
00000004	2013	12	24	7.73
00000004	2013	12	25	7.71
00000004	2013	12	26	7.74
00000004	2013	12	27	7.78
00000004	2013	12	28	7.69
00000004	2013	12	29	7.59
00000004	2013	12	30	7.64
00000004	2013	12	31	7.7
00000004	2014	1	1	7.64
00000004	2014	1	2	7.66
00000004	2014	1	3	7.76
00000004	2014	1	4	7.69
00000004	2014	1	5	7.64
00000004	2014	1	6	7.85
00000004	2014	1	7	7.87
00000004	2014	1	8	7.83
00000004	2014	1	9	7.81
00000004	2014	1	10	7.74
00000004	2014	1	11	7.7
00000004	2014	1	12	7.78
00000004	2014	1	13	7.68
00000004	2014	1	14	7.68
00000004	2014	1	15	7.7
00000004	2014	1	16	7.68
00000004	2014	1	17	7.72
00000004	2014	1	18	7.74
00000004	2014	1	19	7.77
00000004	2014	1	20	7.75
00000004	2014	1	21	7.81
00000004	2014	1	22	7.87
00000004	2014	1	23	7.97
00000004	2014	1	24	7.94
00000004	2014	1	25	7.81
00000004	2014	1	26	7.82
00000004	2014	1	27	7.92
00000004	2014	1	28	8.01
00000004	2014	1	29	8.02
00000004	2014	1	30	7.96
00000004	2014	1	31	7.96
00000004	2014	2	1	7.97
00000004	2014	2	2	7.94
00000004	2014	2	3	7.88
00000004	2014	2	4	7.76
00000004	2014	2	5	7.8
00000004	2014	2	6	7.81
00000004	2014	2	7	7.77
00000004	2014	2	8	7.75
00000004	2014	2	9	7.75
00000004	2014	2	10	7.8
00000004	2014	2	11	7.8
00000004	2014	2	12	7.66
00000004	2014	2	13	7.62
00000004	2014	2	14	7.59
00000004	2014	2	15	7.71
00000004	2014	2	16	7.69
00000004	2014	2	17	7.68
00000004	2014	2	18	7.69
00000004	2014	2	19	7.68
00000004	2014	2	20	7.67
00000004	2014	2	21	7.62
00000004	2014	2	22	7.57
00000004	2014	2	23	7.56
00000004	2014	2	24	7.63
00000004	2014	2	25	7.61
00000004	2014	2	26	7.58
00000004	2014	2	27	7.58
00000004	2014	2	28	7.59
00000004	2014	3	1	7.63
00000004	2014	3	2	7.6
00000004	2014	3	3	7.66
00000004	2014	3	4	7.66
00000004	2014	3	5	7.64
00000004	2014	3	6	7.64
00000004	2014	3	7	7.66
00000004	2014	3	8	7.71
00000004	2014	3	9	7.72
00000004	2014	3	10	7.68
00000004	2014	3	11	7.63
00000004	2014	3	12	7.72
00000004	2014	3	13	7.83
00000004	2014	3	14	7.8
00000004	2014	3	15	7.76
00000004	2014	3	16	7.53
00000004	2014	3	17	7.56
00000004	2014	3	18	7.61
00000004	2014	3	19	7.65
00000004	2014	3	20	7.67
00000004	2014	3	21	7.65
00000004	2014	3	22	7.66
00000004	2014	3	23	7.71
00000004	2014	3	24	7.67
00000004	2014	3	25	7.71
00000004	2014	3	26	7.75
00000004	2014	3	27	7.68
00000004	2014	3	28	7.4
00000004	2014	3	29	7.36
00000004	2014	3	30	7.39
00000004	2014	3	31	7.38
00000004	2014	4	1	7.41
00000004	2014	4	2	7.44
00000004	2014	4	3	7.43
00000004	2014	4	4	7.45
00000004	2014	4	5	7.46
00000004	2014	4	6	7.35
00000004	2014	4	7	6.96
00000004	2014	4	8	7.07
00000004	2014	4	9	7.18
00000004	2014	4	10	7.18
00000004	2014	4	11	7.21
00000004	2014	4	12	7.22
00000004	2014	4	13	7.22
00000004	2014	4	14	7.15
00000004	2014	4	15	7.01
00000004	2014	4	16	7.05
00000004	2014	4	17	7.11
00000004	2014	4	18	7.11
00000004	2014	4	19	7.13
00000004	2014	4	20	7.18
00000004	2014	4	21	7.16
00000004	2014	4	22	7.14
00000004	2014	4	23	7.17
00000004	2014	4	24	7.18
00000004	2014	4	25	7.21
00000004	2014	4	26	7.23
00000004	2014	4	27	7.18
00000004	2014	4	28	7.05
00000004	2014	4	29	6.87
00000004	2014	4	30	6.86
00000004	2014	5	1	6.93
00000004	2014	5	2	6.96
00000004	2014	5	3	7.03
00000004	2014	5	4	7.07
00000004	2014	5	5	7.08
00000004	2014	5	6	7.11
00000004	2014	5	7	7.18
00000004	2014	5	8	7.2
00000004	2014	5	9	7.21
00000004	2014	5	10	7.22
00000004	2014	5	11	7.25
00000004	2014	5	12	7.28
00000004	2014	5	13	7.29
00000004	2014	5	14	7.27
00000004	2014	5	15	7.33
00000004	2014	5	16	7.33
00000004	2014	5	17	7.34
00000004	2014	5	18	7.37
00000004	2014	5	19	7.38
00000004	2014	5	20	7.39
00000004	2014	5	21	7.4
00000004	2014	5	22	7.41
00000004	2014	5	23	7.43
00000004	2014	5	24	7.44
00000004	2014	5	25	7.46
00000004	2014	5	26	7.48
00000004	2014	5	27	7.47
00000004	2014	5	28	7.46
00000004	2014	5	29	7.43
00000004	2014	5	30	7.45
00000004	2014	5	31	7.47
00000004	2014	6	1	7.49
00000004	2014	6	2	7.51
00000004	2014	6	3	7.48
00000004	2014	6	4	7.47
00000004	2014	6	5	7.5
00000004	2014	6	6	7.53
00000004	2014	6	7	7.54
00000004	2014	6	8	7.53
00000004	2014	6	9	7.51
00000004	2014	6	10	7.41
00000004	2014	6	11	7.34
00000004	2014	6	12	7.37
00000004	2014	6	13	7.4
00000004	2014	6	14	7.44
00000004	2014	6	15	7.48
00000004	2014	6	16	7.52
00000004	2014	6	17	7.53
00000004	2014	6	18	7.54
00000004	2014	6	19	7.55
00000004	2014	6	20	7.55
00000004	2014	6	21	7.55
00000004	2014	6	22	7.57
00000004	2014	6	23	7.61
00000004	2014	6	24	7.63
00000004	2014	6	25	7.64
00000004	2014	6	26	7.64
00000004	2014	6	27	7.66
00000004	2014	6	28	7.68
00000004	2014	6	29	7.61
00000004	2014	6	30	7.59
00000004	2014	7	1	7.61
00000004	2014	7	2	7.65
00000004	2014	7	3	7.7
00000004	2014	7	4	7.73
00000004	2014	7	5	7.72
00000004	2014	7	6	7.71
00000004	2014	7	7	7.73
00000004	2014	7	8	7.76
00000004	2014	7	9	7.77
00000004	2014	7	10	7.79
00000004	2014	7	11	7.82
00000004	2014	7	12	7.82
00000004	2014	7	13	7.81
00000004	2014	7	14	7.82
00000004	2014	7	15	7.76
00000004	2014	7	16	7.79
00000004	2014	7	17	7.82
00000004	2014	7	18	7.82
00000004	2014	7	19	7.81
00000004	2014	7	20	7.83
00000004	2014	7	21	7.85
00000004	2014	7	22	7.86
00000004	2014	7	23	7.86
00000004	2014	7	24	7.86
00000004	2014	7	25	7.89
00000004	2014	7	26	7.91
00000004	2014	7	27	7.91
00000004	2014	7	28	7.92
00000004	2014	7	29	7.95
00000004	2014	7	30	7.96
00000004	2014	7	31	7.97
00000004	2014	8	1	7.97
00000004	2014	8	2	7.99
00000004	2014	8	3	7.99
00000004	2014	8	4	8
00000004	2014	8	5	8.02
00000004	2014	8	6	8.02
00000004	2014	8	7	8.03
00000004	2014	8	8	8.05
00000004	2014	8	9	8.05
00000004	2014	8	10	8.02
00000004	2014	8	11	8.02
00000004	2014	8	12	8.02
00000004	2014	8	13	8.06
00000004	2014	8	14	8.07
00000004	2014	8	15	8.07
00000004	2014	8	16	8.09
00000004	2014	8	17	8.09
00000004	2014	8	18	8.07
00000004	2014	8	19	8.06
00000004	2014	8	20	8.1
00000004	2014	8	21	8.11
00000004	2014	8	22	8.1
00000004	2014	8	23	8.1
00000004	2014	8	24	8.11
00000004	2014	8	25	8.15
00000004	2014	8	26	8.16
00000004	2014	8	27	8.17
00000004	2014	8	28	8.17
00000004	2014	8	29	8.19
00000004	2014	8	30	8.21
00000004	2014	8	31	8.21
00000004	2014	9	1	8.21
00000004	2014	9	2	8.22
00000004	2014	9	3	8.23
00000004	2014	9	4	8.25
00000004	2014	9	5	8.25
00000004	2014	9	6	8.24
00000004	2014	9	7	8.25
00000004	2014	9	8	8.26
00000004	2014	9	9	8.27
00000004	2014	9	10	8.27
00000004	2014	9	11	8.29
00000004	2014	9	12	8.31
00000004	2014	9	13	8.33
00000004	2014	9	14	8.33
00000004	2014	9	15	8.33
00000004	2014	9	16	8.32
00000004	2014	9	17	8.33
00000004	2014	9	18	8.35
00000004	2014	9	19	8.36
00000004	2014	9	20	8.37
00000004	2014	9	21	8.36
00000004	2014	9	22	8.39
00000004	2014	9	23	8.39
00000004	2014	9	24	8.4
00000004	2014	9	25	8.39
00000004	2014	9	26	8.39
00000004	2014	9	27	8.4
00000004	2014	9	28	8.4
00000004	2014	9	29	8.39
00000004	2014	9	30	8.41
00000004	2014	10	1	8.44
00000004	2014	10	2	8.44
00000004	2014	10	3	8.44
00000004	2014	10	4	8.46
00000004	2014	10	5	8.44
00000004	2014	10	6	8.45
00000004	2014	10	7	8.47
00000004	2014	10	8	8.49
00000004	2014	10	9	8.49
00000004	2014	10	10	8.48
00000004	2014	10	11	8.49
00000004	2014	10	12	8.5
00000004	2014	10	13	8.46
00000004	2014	10	14	8.33
00000004	2014	10	15	8.32
00000004	2014	10	16	8.34
00000004	2014	10	17	8.36
00000004	2014	10	18	8.41
00000004	2014	10	19	8.44
00000004	2014	10	20	8.43
00000004	2014	10	21	8.44
00000004	2014	10	22	8.49
00000004	2014	10	23	8.48
00000004	2014	10	24	8.48
00000004	2014	10	25	8.5
00000004	2014	10	26	8.49
00000004	2014	10	27	8.51
00000004	2014	10	28	8.53
00000004	2014	10	29	8.54
00000004	2014	10	30	8.53
00000004	2014	10	31	8.54
00000004	2014	11	1	8.6
00000004	2014	11	2	8.61
00000004	2014	11	3	8.59
00000004	2014	11	4	8.57
00000004	2014	11	5	8.57
00000004	2014	11	6	8.58
00000004	2014	11	7	8.6
00000004	2014	11	8	8.58
00000004	2014	11	9	8.6
00000004	2014	11	10	8.6
00000004	2014	11	11	8.61
00000004	2014	11	12	8.67
00000004	2014	11	13	8.68
00000004	2014	11	14	8.68
00000004	2014	11	15	8.66
00000004	2014	11	16	8.54
00000004	2014	11	17	8.25
00000004	2014	11	18	8.32
00000004	2014	11	19	8.3
00000004	2014	11	20	8.31
00000004	2014	11	21	8.36
00000004	2014	11	22	8.34
00000004	2014	11	23	8.24
00000004	2014	11	24	8.38
00000004	2014	11	25	8.45
00000004	2014	11	26	8.45
00000004	2014	11	27	8.53
00000004	2014	11	28	8.5
00000004	2014	11	29	8.46
00000004	2014	11	30	8.51
00000004	2014	12	1	8.54
00000004	2014	12	2	8.53
00000004	2014	12	3	8.55
00000004	2014	12	4	8.55
00000004	2014	12	5	8.56
00000004	2014	12	6	8.53
00000004	2014	12	7	8.51
00000004	2014	12	8	8.48
00000004	2014	12	9	8.48
00000004	2014	12	10	8.51
00000004	2014	12	11	8.54
00000004	2014	12	12	8.57
00000004	2014	12	13	8.55
00000004	2014	12	14	8.53
00000004	2014	12	15	8.52
00000004	2014	12	16	8.6
00000004	2014	12	17	8.61
00000004	2014	12	18	8.6
00000004	2014	12	19	8.61
00000004	2015	2	7	8.29
00000004	2015	2	8	8.09
00000004	2015	2	9	8.11
00000004	2015	2	10	8.18
00000004	2015	2	11	8.2
00000004	2015	2	12	8.25
00000004	2015	2	13	8.24
00000004	2015	2	14	8.19
00000004	2015	2	15	8.27
00000004	2015	2	16	8.13
00000004	2015	2	17	8.16
00000004	2015	2	18	8.17
00000004	2015	2	19	8.23
00000004	2015	2	20	8.18
00000004	2015	2	21	8.11
00000004	2015	2	22	8.03
00000004	2015	2	23	7.9
00000004	2015	2	24	7.79
00000004	2015	2	25	7.74
00000004	2015	2	26	7.76
00000004	2015	2	27	7.82
00000004	2015	2	28	7.78
00000004	2015	3	1	7.77
00000004	2015	3	2	7.77
00000004	2015	3	3	7.73
00000004	2015	3	4	7.72
00000004	2015	3	5	7.8
00000004	2015	3	6	7.75
00000004	2015	3	7	7.69
00000004	2015	3	8	7.68
00000004	2015	3	9	7.68
00000004	2015	3	10	7.68
00000004	2015	3	11	7.7
00000004	2015	3	12	7.68
00000004	2015	3	13	7.67
00000004	2015	3	14	7.69
00000004	2015	3	15	7.75
00000004	2015	3	16	7.74
00000004	2015	3	17	7.73
00000004	2015	3	18	7.75
00000004	2015	3	19	7.76
00000004	2015	3	20	7.8
00000004	2015	3	21	7.8
00000004	2015	3	22	7.68
00000004	2015	3	23	7.63
00000004	2015	3	24	7.63
00000004	2015	3	25	7.63
00000004	2015	3	26	7.61
00000004	2015	3	27	7.71
00000004	2015	3	28	7.79
00000004	2015	3	29	7.77
00000004	2015	3	30	7.75
00000004	2015	3	31	7.73
00000004	2015	4	1	7.76
00000004	2015	4	2	7.78
00000004	2015	4	3	7.78
00000004	2015	4	4	7.85
00000004	2015	4	5	7.8
00000004	2015	4	6	7.78
00000004	2015	4	7	7.73
00000004	2015	4	8	7.71
00000004	2015	4	9	7.72
00000004	2015	4	10	7.71
00000004	2015	4	11	7.68
00000004	2015	4	12	7.68
00000004	2015	4	13	7.65
00000004	2015	4	14	7.62
00000004	2015	4	15	7.62
00000004	2015	4	16	7.59
00000004	2015	4	17	7.43
00000004	2015	4	18	7.35
00000004	2015	4	19	7.14
00000004	2015	4	20	7.19
00000004	2015	4	21	7.27
00000004	2015	4	22	7.29
00000004	2015	4	23	7.34
00000004	2015	4	24	7.34
00000004	2015	4	25	7.26
00000004	2015	4	26	7.32
00000004	2015	4	27	7.4
00000004	2015	4	28	7.4
00000004	2015	4	29	7.4
00000004	2015	4	30	7.44
00000004	2015	5	1	7.51
00000004	2015	5	2	7.52
00000004	2015	5	3	7.54
00000004	2015	5	4	7.58
00000004	2015	5	5	7.58
00000004	2015	5	6	7.57
00000004	2015	5	7	7.59
00000004	2015	5	8	7.61
00000004	2015	5	9	7.63
00000004	2015	5	10	7.65
00000004	2015	5	11	7.67
00000004	2015	5	12	7.71
00000004	2015	5	13	7.71
00000004	2015	5	14	7.72
00000004	2015	5	15	7.73
00000004	2015	5	16	7.72
00000004	2015	5	17	7.75
00000004	2015	5	18	7.76
00000004	2015	5	19	7.74
00000004	2015	5	20	7.74
00000004	2015	5	21	7.8
00000004	2015	5	22	7.83
00000004	2015	5	23	7.83
00000004	2015	5	24	7.81
00000004	2015	5	25	7.81
00000004	2015	5	26	7.82
00000004	2015	5	27	7.83
00000004	2015	5	28	7.78
00000004	2015	5	29	7.73
00000004	2015	5	30	7.73
00000004	2015	5	31	7.74
00000004	2015	6	1	7.7
00000004	2015	6	2	7.63
00000004	2015	6	3	7.63
00000004	2015	6	4	7.68
00000004	2015	6	5	7.71
00000004	2015	6	6	7.73
00000004	2015	6	7	7.77
00000004	2015	6	8	7.79
00000004	2015	6	9	7.79
00000004	2015	6	10	7.82
00000004	2015	6	11	7.86
00000004	2015	6	12	7.89
00000004	2015	6	13	7.89
00000004	2015	6	14	7.9
00000004	2015	6	15	7.91
00000004	2015	6	16	7.93
00000004	2015	6	17	7.94
00000004	2015	6	18	7.95
00000004	2015	6	19	7.96
00000004	2015	6	20	7.98
00000004	2015	6	21	8
00000004	2015	6	22	8.01
00000004	2015	6	23	8.02
00000004	2015	6	24	8.03
00000004	2015	6	25	8.03
00000004	2015	6	26	8.03
00000004	2015	6	27	8.05
00000004	2015	6	28	8.07
00000004	2015	6	29	8.08
00000004	2015	6	30	8.1
00000004	2015	7	1	8.11
00000004	2015	7	2	8.11
00000004	2015	7	3	8.12
00000004	2015	7	4	8.14
00000004	2015	7	5	8.15
00000004	2015	7	6	8.15
00000004	2015	7	7	8.15
00000004	2015	7	8	8.15
00000004	2015	7	9	8.15
00000004	2015	7	10	8.15
00000004	2015	7	11	8.15
00000004	2015	7	12	8.15
00000004	2015	7	13	8.15
00000004	2015	7	14	8.15
00000004	2015	7	15	8.15
00000004	2015	7	16	8.15
00000004	2015	7	17	8.15
00000004	2015	7	18	8.15
00000004	2015	7	19	8.15
00000004	2015	7	20	8.15
00000004	2015	7	21	8.15
00000004	2015	7	22	8.23
00000004	2015	7	23	8.31
00000004	2015	7	24	8.28
00000004	2015	7	25	8.28
00000004	2015	7	26	8.3
00000004	2015	7	27	8.31
00000004	2015	7	28	8.32
00000004	2015	7	29	8.33
00000004	2015	7	30	8.3
00000004	2015	7	31	8.31
00000004	2015	8	1	8.31
00000004	2015	8	2	8.32
00000004	2015	8	3	8.34
00000004	2015	8	4	8.37
00000004	2015	8	5	8.38
00000004	2015	8	6	8.36
00000004	2015	8	7	8.36
00000004	2015	8	8	8.38
00000004	2015	8	9	8.4
00000004	2015	8	10	8.41
00000004	2015	8	11	8.41
00000004	2015	8	12	8.43
00000004	2015	8	13	8.44
00000004	2015	8	14	8.45
00000004	2015	8	15	8.46
00000004	2015	8	16	8.47
00000004	2015	8	17	8.42
00000004	2015	8	18	8.29
00000004	2015	8	19	8.24
00000004	2015	8	20	8.27
00000004	2015	8	21	8.26
00000004	2015	8	22	8.14
00000004	2015	8	23	8.13
00000004	2015	8	24	8.15
00000004	2015	8	25	8.18
00000004	2015	8	26	8.21
00000004	2015	8	27	8.23
00000004	2015	8	28	8.27
00000004	2015	8	29	8.3
00000004	2015	8	30	8.31
00000004	2015	8	31	8.33
00000004	2015	9	1	8.35
00000004	2015	9	2	8.36
00000004	2015	9	3	8.36
00000004	2015	9	4	8.39
00000004	2015	9	5	8.42
00000004	2015	9	6	8.42
00000004	2015	9	7	8.43
00000004	2015	9	8	8.43
00000004	2015	9	9	8.43
00000004	2015	9	10	8.4
00000004	2015	9	11	8.4
00000004	2015	9	12	8.39
00000004	2015	9	13	8.43
00000004	2015	9	14	8.46
00000004	2015	9	15	8.47
00000004	2015	9	16	8.46
00000004	2015	9	17	8.44
00000004	2015	9	18	8.44
00000004	2015	9	19	8.47
00000004	2015	9	20	8.49
00000004	2015	9	21	8.52
00000004	2015	9	22	8.53
00000004	2015	9	23	8.54
00000004	2015	9	24	8.55
00000004	2015	9	25	8.55
00000004	2015	9	26	8.57
00000004	2015	9	27	8.58
00000004	2015	9	28	8.57
00000004	2015	9	29	8.57
00000004	2015	9	30	8.6
00000004	2015	10	1	8.62
00000004	2015	10	2	8.62
00000004	2015	10	3	8.63
00000004	2015	10	4	8.66
00000004	2015	10	5	8.69
00000004	2015	10	6	8.7
00000004	2015	10	7	8.71
00000004	2015	10	8	8.72
00000004	2015	10	9	8.72
00000004	2015	10	10	8.72
00000004	2015	10	11	8.7
00000004	2015	10	12	8.69
00000004	2015	10	13	8.73
00000004	2015	10	14	8.77
00000004	2015	10	15	8.78
00000004	2015	10	16	8.81
00000004	2015	10	17	8.82
00000004	2015	10	18	8.84
00000004	2015	10	19	8.83
00000004	2015	10	20	8.83
00000004	2015	10	21	8.85
00000004	2015	10	22	8.84
00000004	2015	10	23	8.84
00000004	2015	10	24	8.85
00000004	2015	10	25	8.86
00000004	2015	10	26	8.81
00000004	2015	10	27	8.75
00000004	2015	10	28	8.75
00000004	2015	10	29	8.79
00000004	2015	10	30	8.83
00000004	2015	10	31	8.78
00000004	2015	11	1	8.72
00000004	2015	11	2	8.65
00000004	2015	11	3	8.67
00000004	2015	11	4	8.7
00000004	2015	11	5	8.71
00000004	2015	11	6	8.72
00000004	2015	11	7	8.37
00000004	2015	11	8	8.23
00000004	2015	11	9	8.23
00000004	2015	11	10	8.27
00000004	2015	11	11	8.28
00000004	2015	11	12	8.35
00000004	2015	11	13	8.43
00000004	2015	11	14	8.48
00000004	2015	11	15	8.49
00000004	2015	11	16	8.47
00000004	2015	11	17	8.46
00000004	2015	11	18	8.37
00000004	2015	11	19	8.31
00000004	2015	11	20	8.29
00000004	2015	11	21	8.28
00000004	2015	11	22	8.36
00000004	2015	11	23	8.42
00000004	2015	11	24	8.45
00000004	2015	11	25	8.49
00000004	2015	11	26	8.52
00000004	2015	11	27	8.51
00000004	2015	11	28	8.51
00000004	2015	11	29	8.52
00000004	2015	11	30	8.53
00000004	2015	12	1	8.51
00000004	2015	12	2	8.3
00000004	2015	12	3	8.32
00000004	2015	12	4	8.34
00000004	2015	12	5	8.35
00000004	2015	12	6	8.33
00000004	2015	12	7	8.32
00000004	2015	12	8	8.33
00000004	2015	12	9	8.35
00000004	2015	12	10	8.37
00000004	2015	12	11	8.42
00000004	2015	12	12	8.48
00000004	2015	12	13	8.42
00000004	2015	12	14	8.39
00000004	2015	12	15	8.39
00000004	2015	12	16	8.37
00000004	2015	12	17	8.37
00000004	2015	12	18	8.45
00000004	2015	12	19	8.48
00000004	2015	12	20	8.42
00000004	2015	12	21	8.35
00000004	2015	12	22	8.26
00000004	2015	12	23	8.23
00000004	2015	12	24	8.26
00000004	2015	12	25	8.15
00000004	2015	12	26	7.94
00000004	2015	12	27	7.89
00000004	2015	12	28	7.8
00000004	2015	12	29	7.81
00000004	2015	12	30	7.79
00000004	2015	12	31	7.77
00000004	2016	1	1	7.79
00000004	2016	1	2	7.79
00000004	2016	1	3	7.79
00000004	2016	1	4	7.89
00000004	2016	1	5	7.95
00000004	2016	1	6	7.93
00000004	2016	1	7	7.89
00000004	2016	1	8	7.93
00000004	2016	1	9	7.93
00000004	2016	1	10	8.08
00000004	2016	1	11	8.11
00000004	2016	1	12	8.11
00000004	2016	1	13	8.13
00000004	2016	1	14	8.09
00000004	2016	1	15	8.03
00000004	2016	1	16	8.14
00000004	2016	1	17	8.22
00000004	2016	1	18	8.28
00000004	2016	1	19	8.27
00000004	2016	1	20	8.19
00000004	2016	1	21	8.15
00000004	2016	1	22	7.96
00000004	2016	1	23	8.01
00000004	2016	1	24	7.99
00000004	2016	1	25	7.99
00000004	2016	1	26	7.96
00000004	2016	1	27	7.87
00000004	2016	1	28	7.82
00000004	2016	1	29	7.86
00000004	2016	1	30	7.87
00000004	2016	1	31	7.87
00000004	2016	2	1	7.9
00000004	2016	2	2	7.9
00000004	2016	2	3	7.83
00000004	2016	2	4	7.84
00000004	2016	2	5	7.85
00000004	2016	2	6	7.82
00000004	2016	2	7	7.8
00000004	2016	2	8	7.8
00000004	2016	2	9	7.88
00000004	2016	2	10	7.96
00000004	2016	2	11	7.95
00000004	2016	2	12	8
00000004	2016	2	13	8.07
00000004	2016	2	14	7.99
00000004	2016	2	15	7.9
00000004	2016	2	16	7.89
00000004	2016	2	17	8
00000004	2016	2	18	8.01
00000004	2016	2	19	7.98
00000004	2016	2	20	7.98
00000004	2016	2	21	7.97
00000004	2016	2	22	7.92
00000004	2016	2	23	7.73
00000004	2016	2	24	7.64
00000004	2016	2	25	7.7
00000004	2016	2	26	7.73
00000004	2016	2	27	7.72
00000004	2016	2	28	7.71
00000004	2016	2	29	7.74
00000004	2016	3	1	7.75
00000004	2016	3	2	7.82
00000004	2016	3	3	7.72
00000004	2016	3	4	7.71
00000004	2016	3	5	7.69
00000004	2016	3	6	7.72
00000004	2016	3	7	7.73
00000004	2016	3	8	7.74
00000004	2016	3	9	7.75
00000004	2016	3	10	7.77
00000004	2016	3	11	7.58
00000004	2016	3	12	7.52
00000004	2016	3	13	7.48
00000004	2016	3	14	7.49
00000004	2016	3	15	7.52
00000004	2016	3	16	7.6
00000004	2016	3	17	7.61
00000004	2016	3	18	7.61
00000004	2016	3	19	7.58
00000004	2016	3	20	7.61
00000004	2016	3	21	7.65
00000004	2016	3	22	7.62
00000004	2016	3	23	7.61
00000004	2016	3	24	7.56
00000004	2016	3	25	7.6
00000004	2016	3	26	7.63
00000004	2016	3	27	7.63
00000004	2016	3	28	7.68
00000004	2016	3	29	7.69
00000004	2016	3	30	7.67
00000004	2016	3	31	7.6
00000004	2016	4	1	7.45
00000004	2016	4	2	7.48
00000004	2016	4	3	7.52
00000004	2016	4	4	7.53
00000004	2016	4	5	7.59
00000004	2016	4	6	7.52
00000004	2016	4	7	7.5
00000004	2016	4	8	7.59
00000004	2016	4	9	7.64
00000004	2016	4	10	7.64
00000004	2016	4	11	7.6
00000004	2016	4	12	7.37
00000004	2016	4	13	7.35
00000004	2016	4	14	7.36
00000004	2016	4	15	7.42
00000004	2016	4	16	7.47
00000004	2016	4	17	7.51
00000004	2016	4	18	7.51
00000004	2016	4	19	7.5
00000004	2016	4	20	7.51
00000004	2016	4	21	7.53
00000004	2016	4	22	7.55
00000004	2016	4	23	7.59
00000004	2016	4	24	7.61
00000004	2016	4	25	7.62
00000004	2016	4	26	7.63
00000004	2016	4	27	7.64
00000004	2016	4	28	7.7
00000004	2016	4	29	7.7
00000004	2016	4	30	7.63
00000004	2016	5	1	7.67
00000004	2016	5	2	7.66
00000004	2016	5	3	7.67
00000004	2016	5	4	7.66
00000004	2016	5	5	7.71
00000004	2016	5	6	7.76
00000004	2016	5	7	7.77
00000004	2016	5	8	7.78
00000004	2016	5	9	7.81
00000004	2016	5	10	7.82
00000004	2016	5	11	7.85
00000004	2016	5	12	7.84
00000004	2016	5	13	7.84
00000004	2016	5	14	7.84
00000004	2016	5	15	7.88
00000004	2016	5	16	7.87
00000004	2016	5	17	7.86
00000004	2016	5	18	7.89
00000004	2016	5	19	7.9
00000004	2016	5	20	7.9
00000004	2016	5	21	7.94
00000004	2016	5	22	7.94
00000004	2016	5	23	7.96
00000004	2016	5	24	8
00000004	2016	5	25	8.01
00000004	2016	5	26	8
00000004	2016	5	27	8
00000004	2016	5	28	8.04
00000004	2016	5	29	8.05
00000004	2016	5	30	8.03
00000004	2016	5	31	8.05
00000004	2016	6	1	8.08
00000004	2016	6	2	8.1
00000004	2016	6	3	8.1
00000004	2016	6	4	8.09
00000004	2016	6	5	8.09
00000004	2016	6	6	8.07
00000004	2016	6	7	8.11
00000004	2016	6	8	8.14
00000004	2016	6	9	8.16
00000004	2016	6	10	8.17
00000004	2016	6	11	8.19
00000004	2016	6	12	8.19
00000004	2016	6	13	8.18
00000004	2016	6	14	8.16
00000004	2016	6	15	8.11
00000004	2016	6	16	7.93
00000004	2016	6	17	7.88
00000004	2016	6	18	7.82
00000004	2016	6	19	7.87
00000004	2016	6	20	7.89
00000004	2016	6	21	7.88
00000004	2016	6	22	7.91
00000004	2016	6	23	7.94
00000004	2016	6	24	7.98
00000004	2016	6	25	8.01
00000004	2016	6	26	8.05
00000004	2016	6	27	8.06
00000004	2016	6	28	8.07
00000004	2016	6	29	8.09
00000004	2016	6	30	8.13
00000004	2016	7	1	8.15
00000004	2016	7	2	8.17
00000004	2016	7	3	8.18
00000004	2016	7	4	8.2
00000004	2016	7	5	8.22
00000004	2016	7	6	8.18
00000004	2016	7	7	8.18
00000004	2016	7	8	8.2
00000004	2016	7	9	8.22
00000004	2016	7	10	8.23
00000004	2016	7	11	8.25
00000004	2016	7	12	8.27
00000004	2016	7	13	8.28
00000004	2016	7	14	8.27
00000004	2016	7	15	8.16
00000004	2016	7	16	8.17
00000004	2016	7	17	8.21
00000004	2016	7	18	8.23
00000004	2016	7	19	8.25
00000004	2016	7	20	8.25
00000004	2016	7	21	8.25
00000004	2016	7	22	8.27
00000004	2016	7	23	8.27
00000004	2016	7	24	8.3
00000004	2016	7	25	8.31
00000004	2016	7	26	8.33
00000004	2016	7	27	8.34
00000004	2016	7	28	8.35
00000004	2016	7	29	8.36
00000004	2016	7	30	8.38
00000004	2016	7	31	8.38
00000004	2016	8	1	8.39
00000004	2016	8	2	8.4
00000004	2016	8	3	8.39
00000004	2016	8	4	8.41
00000004	2016	8	5	8.43
00000004	2016	8	6	8.44
00000004	2016	8	7	8.44
00000004	2016	8	8	8.45
00000004	2016	8	9	8.48
00000004	2016	8	10	8.48
00000004	2016	8	11	8.47
00000004	2016	8	12	8.47
00000004	2016	8	13	8.49
00000004	2016	8	14	8.5
00000004	2016	8	15	8.51
00000004	2016	8	16	8.52
00000004	2016	8	17	8.52
00000004	2016	8	18	8.5
00000004	2016	8	19	8.47
00000004	2016	8	20	8.44
00000004	2016	8	21	8.41
00000004	2016	8	22	8.45
00000004	2016	8	23	8.46
00000004	2016	8	24	8.46
00000004	2016	8	25	8.46
00000004	2016	8	26	8.46
00000004	2016	8	27	8.48
00000004	2016	8	28	8.51
00000004	2016	8	29	8.52
00000004	2016	8	30	8.53
00000004	2016	8	31	8.53
00000004	2016	9	1	8.54
00000004	2016	9	2	8.57
00000004	2016	9	3	8.6
00000004	2016	9	4	8.62
00000004	2016	9	5	8.63
00000004	2016	9	6	8.64
00000004	2016	9	7	8.64
00000004	2016	9	8	8.63
00000004	2016	9	9	8.65
00000004	2016	9	10	8.67
00000004	2016	9	11	8.69
00000004	2016	9	12	8.69
00000004	2016	9	13	8.71
00000004	2016	9	14	8.71
00000004	2016	9	15	8.72
00000004	2016	9	16	8.73
00000004	2016	9	17	8.74
00000004	2016	9	18	8.72
00000004	2016	9	19	8.75
00000004	2016	9	20	8.76
00000004	2016	9	21	8.77
00000004	2016	9	22	8.78
00000004	2016	9	23	8.78
00000004	2016	9	24	8.8
00000004	2016	9	25	8.81
00000004	2016	9	26	8.81
00000004	2016	9	27	8.81
00000004	2016	9	28	8.83
00000004	2016	9	29	8.86
00000004	2016	9	30	8.86
00000004	2016	10	1	8.87
00000004	2016	10	2	8.87
00000004	2016	10	3	8.86
00000004	2016	10	4	8.89
00000004	2016	10	5	8.91
00000004	2016	10	6	8.91
00000004	2016	10	7	8.91
00000004	2016	10	8	8.94
00000004	2016	10	9	8.97
00000004	2016	10	10	8.97
00000004	2016	10	11	8.97
00000004	2016	10	12	8.95
00000004	2016	10	13	8.97
00000004	2016	10	14	8.98
00000004	2016	10	15	8.98
00000004	2016	10	16	8.97
00000004	2016	10	17	8.96
00000004	2016	10	18	8.98
00000004	2016	10	19	9
00000004	2016	10	20	9
00000004	2016	10	21	9.02
00000004	2016	10	22	9.04
00000004	2016	10	23	9.05
00000004	2016	10	24	9.04
00000004	2016	10	25	9.04
00000004	2016	10	26	9.05
00000004	2016	10	27	9.06
00000004	2016	10	28	9.06
00000004	2016	10	29	9.06
00000004	2016	10	30	9.06
00000004	2016	10	31	9.06
00000004	2016	11	1	9.09
00000004	2016	11	2	9.11
00000004	2016	11	3	9.09
00000004	2016	11	4	9.11
00000004	2016	11	5	9.13
00000004	2016	11	6	9.13
00000004	2016	11	7	9.13
00000004	2016	11	8	9.13
00000004	2016	11	9	9.13
00000004	2016	11	10	9.15
00000004	2016	11	11	9.13
00000004	2016	11	12	9.16
00000004	2016	11	13	9.16
00000004	2016	11	14	9.14
00000004	2016	11	15	9.14
00000004	2016	11	16	9.17
00000004	2016	11	17	9.18
00000004	2016	11	18	9.19
00000004	2016	11	19	9.23
00000004	2016	11	20	9.21
00000004	2016	11	21	9.19
00000004	2016	11	22	9.21
00000004	2016	11	23	9.2
00000004	2016	11	24	9.23
00000004	2016	11	25	9.25
00000004	2016	11	26	9.24
00000004	2016	11	27	9.2
00000004	2016	11	28	9.12
00000004	2016	11	29	9.07
00000004	2016	11	30	9.02
00000004	2016	12	1	9.03
00000004	2016	12	2	9.04
00000004	2016	12	3	9.02
00000004	2016	12	4	8.94
00000004	2016	12	5	8.86
00000004	2016	12	6	8.76
00000004	2016	12	7	8.77
00000004	2016	12	8	8.83
00000004	2016	12	9	8.86
00000004	2016	12	10	8.85
00000004	2016	12	11	8.8
00000004	2016	12	12	8.8
00000004	2016	12	13	8.83
00000004	2016	12	14	8.89
00000004	2016	12	15	8.95
00000004	2016	12	16	8.91
00000004	2016	12	17	8.88
00000004	2016	12	18	9.01
00000004	2016	12	19	9.05
00000004	2016	12	20	9
00000004	2016	12	21	8.97
00000004	2016	12	22	9
00000004	2016	12	23	9.01
00000004	2016	12	24	9.02
00000004	2016	12	25	9.04
00000004	2016	12	26	9.07
00000004	2016	12	27	9.05
00000004	2016	12	28	9.03
00000004	2016	12	29	9.09
00000004	2016	12	30	9.1
00000004	2016	12	31	9.04
00000004	2017	1	1	9.01
00000004	2017	1	2	8.87
00000004	2017	1	3	8.71
00000004	2017	1	4	8.71
00000004	2017	1	5	8.69
00000004	2017	1	6	8.74
00000004	2017	1	7	8.83
00000004	2017	1	8	8.84
00000004	2017	1	9	8.78
00000004	2017	1	10	8.73
00000004	2017	1	11	8.74
00000004	2017	1	12	8.8
00000004	2017	1	13	8.85
00000004	2017	1	14	8.85
00000004	2017	1	15	8.92
00000004	2017	1	16	9.12
00000004	2017	1	17	9.14
00000004	2017	1	18	9.23
00000004	2017	1	19	9.24
00000004	2017	1	20	9.12
00000004	2017	1	21	9
00000004	2017	1	22	8.85
00000004	2017	1	23	8.8
00000004	2017	1	24	8.79
00000004	2017	1	25	8.78
00000004	2017	1	26	8.85
00000004	2017	1	27	8.85
00000004	2017	1	28	8.83
00000004	2017	1	29	8.85
00000004	2017	1	30	8.9
00000004	2017	1	31	8.91
00000004	2017	2	1	8.96
00000004	2017	2	2	9.01
00000004	2017	2	3	9.06
00000004	2017	2	4	9.05
00000004	2017	2	5	9.02
00000004	2017	2	6	8.89
00000004	2017	2	7	8.69
00000004	2017	2	8	8.56
00000004	2017	2	9	8.7
00000004	2017	2	10	8.64
00000004	2017	2	11	8.61
00000004	2017	2	12	8.66
00000004	2017	2	13	8.69
00000004	2017	2	14	8.63
00000004	2017	2	15	8.7
00000004	2017	2	16	8.79
00000004	2017	2	17	8.79
00000004	2017	2	18	8.8
00000004	2017	2	19	8.86
00000004	2017	2	20	8.87
00000004	2017	2	21	8.84
00000004	2017	2	22	8.83
00000004	2017	2	23	8.85
00000004	2017	2	24	8.87
00000004	2017	2	25	8.97
00000004	2017	2	26	8.99
00000004	2017	2	27	8.98
00000004	2017	2	28	8.93
00000004	2017	3	1	8.92
00000004	2017	3	2	8.88
00000004	2017	3	3	8.64
00000004	2017	3	4	8.51
00000004	2017	3	5	8.49
00000004	2017	3	6	8.48
00000004	2017	3	7	8.47
00000004	2017	3	8	8.41
00000004	2017	3	9	8.33
00000004	2017	3	10	8.37
00000004	2017	3	11	8.42
00000004	2017	3	12	8.27
00000004	2017	3	13	8.18
00000004	2017	3	14	8.2
00000004	2017	3	15	8.24
00000004	2017	3	16	8.24
00000004	2017	3	17	8.23
00000004	2017	3	18	8.24
00000004	2017	3	19	8.29
00000004	2017	3	20	8.27
00000004	2017	3	21	8.29
00000004	2017	3	22	8.37
00000004	2017	3	23	8.4
00000004	2017	3	24	8.41
00000004	2017	3	25	8.38
00000004	2017	3	26	8.36
00000004	2017	3	27	8.35
00000004	2017	3	28	8.35
00000004	2017	3	29	8.35
00000004	2017	3	30	8.32
00000004	2017	3	31	8.39
00000004	2017	4	1	8.45
00000004	2017	4	2	8.42
00000004	2017	4	3	8.02
00000004	2017	4	4	7.97
00000004	2017	4	5	7.92
00000004	2017	4	6	7.96
00000004	2017	4	7	7.98
00000004	2017	4	8	7.99
00000004	2017	4	9	8.02
00000004	2017	4	10	8.07
00000004	2017	4	11	8.1
00000004	2017	4	12	8.13
00000004	2017	4	13	8.14
00000004	2017	4	14	8.17
00000004	2017	4	15	8.2
00000004	2017	4	16	8.21
00000004	2017	4	17	8.22
00000004	2017	4	18	8.27
00000004	2017	4	19	8.29
00000004	2017	4	20	8.3
00000004	2017	4	21	8.28
00000004	2017	4	22	8.3
00000004	2017	4	23	8.3
00000004	2017	4	24	8.29
00000004	2017	4	25	8.3
00000004	2017	4	26	8.31
00000004	2017	4	27	8.33
00000004	2017	4	28	8.35
00000004	2017	4	29	8.36
00000004	2017	4	30	8.31
00000004	2017	5	1	8.13
00000004	2017	5	2	8.12
00000004	2017	5	3	8.11
00000004	2017	5	4	8.07
00000004	2017	5	5	8.11
00000004	2017	5	6	8.17
00000004	2017	5	7	8.23
00000004	2017	5	8	8.27
00000004	2017	5	9	8.28
00000004	2017	5	10	8.3
00000004	2017	5	11	8.31
00000004	2017	5	12	8.28
00000004	2017	5	13	8.26
00000004	2017	5	14	8.29
00000004	2017	5	15	8.31
00000004	2017	5	16	8.32
00000004	2017	5	17	8.34
00000004	2017	5	18	8.38
00000004	2017	5	19	8.39
00000004	2017	5	20	8.41
00000004	2017	5	21	8.41
00000004	2017	5	22	8.37
00000004	2017	5	23	8.19
00000004	2017	5	24	8.11
00000004	2017	5	25	8.16
00000004	2017	5	26	8.19
00000004	2017	5	27	8.2
00000004	2017	5	28	8.23
00000004	2017	5	29	8.27
00000004	2017	5	30	8.31
00000004	2017	5	31	8.33
00000004	2017	6	1	8.34
00000004	2017	6	2	8.36
00000004	2017	6	3	8.37
00000004	2017	6	4	8.37
00000004	2017	6	5	8.36
00000004	2017	6	6	8.34
00000004	2017	6	7	8.38
00000004	2017	6	8	8.41
00000004	2017	6	9	8.44
00000004	2017	6	10	8.48
00000004	2017	6	11	8.5
00000004	2017	6	12	8.51
00000004	2017	6	13	8.52
00000004	2017	6	14	8.53
00000004	2017	6	15	8.52
00000004	2017	6	16	8.45
00000004	2017	6	17	8.44
00000004	2017	6	18	8.46
00000004	2017	6	19	8.43
00000004	2017	6	20	8.31
00000004	2017	6	21	8.22
00000004	2017	6	22	7.8
00000004	2017	6	23	7.5
00000004	2017	6	24	7.35
00000004	2017	6	25	7.45
00000004	2017	6	26	7.49
00000004	2017	6	27	7.54
00000004	2017	6	28	7.61
00000004	2017	6	29	7.66
00000004	2017	6	30	7.7
00000004	2017	7	1	7.74
00000004	2017	7	2	7.69
00000004	2017	7	3	7.68
00000004	2017	7	4	7.73
00000004	2017	7	5	7.8
00000004	2017	7	6	7.82
00000004	2017	7	7	7.85
00000004	2017	7	8	7.88
00000004	2017	7	9	7.91
00000004	2017	7	10	7.95
00000004	2017	7	11	7.99
00000004	2017	7	12	8.03
00000004	2017	7	13	8.05
00000004	2017	7	14	8.07
00000004	2017	7	15	8.06
00000004	2017	7	16	8.02
00000004	2017	7	17	8.06
00000004	2017	7	18	8.1
00000004	2017	7	19	8.12
00000004	2017	7	20	8.13
00000004	2017	7	21	8.15
00000004	2017	7	22	8.16
00000004	2017	7	23	8.18
00000004	2017	7	24	8.22
00000004	2017	7	25	8.26
00000004	2017	7	26	8.27
00000004	2017	7	27	8.26
00000004	2017	7	28	8.26
00000004	2017	7	29	8.29
00000004	2017	7	30	8.35
00000004	2017	7	31	8.37
00000004	2017	8	1	8.38
00000004	2017	8	2	8.4
00000004	2017	8	3	8.41
00000004	2017	8	4	8.42
00000004	2017	8	5	8.44
00000004	2017	8	6	8.42
00000004	2017	8	7	8.35
00000004	2017	8	8	8.18
00000004	2017	8	9	8.02
00000004	2017	8	10	8.05
00000004	2017	8	11	8.05
00000004	2017	8	12	8.07
00000004	2017	8	13	8.11
00000004	2017	8	14	8.14
00000004	2017	8	15	8.16
00000004	2017	8	16	8.15
00000004	2017	8	17	8.15
00000004	2017	8	18	8.16
00000004	2017	8	19	8.19
00000004	2017	8	20	8.23
00000004	2017	8	21	8.26
00000004	2017	8	22	8.25
00000004	2017	8	23	8.25
00000004	2017	8	24	8.29
00000004	2017	8	25	8.33
00000004	2017	8	26	8.36
00000004	2017	8	27	8.36
00000004	2017	8	28	8.38
00000004	2017	8	29	8.4
00000004	2017	8	30	8.41
00000004	2017	8	31	8.38
00000004	2017	9	1	8.44
00000004	2017	9	2	8.47
00000004	2017	9	3	8.48
00000004	2017	9	4	8.47
00000004	2017	9	5	8.47
00000004	2017	9	6	8.5
00000004	2017	9	7	8.52
00000004	2017	9	8	8.53
00000004	2017	9	9	8.54
00000004	2017	9	10	8.55
00000004	2017	9	11	8.47
00000004	2017	9	12	8.41
00000004	2017	9	13	8.46
00000004	2017	9	14	8.48
00000004	2017	9	15	8.51
00000004	2017	9	16	8.53
00000004	2017	9	17	8.54
00000004	2017	9	18	8.53
00000004	2017	9	19	8.54
00000004	2017	9	20	8.57
00000004	2017	9	21	8.57
00000004	2017	9	22	8.58
00000004	2017	9	23	8.6
00000004	2017	9	24	8.61
00000004	2017	9	25	8.61
00000004	2017	9	26	8.63
00000004	2017	9	27	8.64
00000004	2017	9	28	8.66
00000004	2017	9	29	8.68
00000004	2017	9	30	8.7
00000004	2017	10	1	8.71
00000004	2017	10	2	8.74
00000004	2017	10	3	8.77
00000004	2017	10	4	8.75
00000004	2017	10	5	8.73
00000004	2017	10	6	8.72
00000004	2017	10	7	8.71
00000004	2017	10	8	8.59
00000004	2017	10	9	8.63
00000004	2017	10	10	8.49
00000004	2017	10	11	8.46
00000004	2017	10	12	8.48
00000004	2017	10	13	8.51
00000004	2017	10	14	8.54
00000004	2017	10	15	8.54
00000004	2017	10	16	8.6
00000004	2017	10	17	8.62
00000004	2017	10	18	8.64
00000004	2017	10	19	8.65
00000004	2017	10	20	8.66
00000004	2017	10	21	8.67
00000004	2017	10	22	8.66
00000004	2017	10	23	8.65
00000004	2017	10	24	8.68
00000004	2017	10	25	8.7
00000004	2017	10	26	8.7
00000004	2017	10	27	8.71
00000004	2017	10	28	8.66
00000004	2017	10	29	8.64
00000004	2017	10	30	8.66
00000004	2017	10	31	8.7
00000004	2017	11	1	8.68
00000004	2017	11	2	8.72
00000004	2017	11	3	8.72
00000004	2017	11	4	8.7
00000004	2017	11	5	8.69
00000004	2017	11	6	8.7
00000004	2017	11	7	8.71
00000004	2017	11	8	8.74
00000004	2017	11	9	8.74
00000004	2017	11	10	8.75
00000004	2017	11	11	8.74
00000004	2017	11	12	8.76
00000004	2017	11	13	8.76
00000004	2017	11	14	8.73
00000004	2017	11	15	8.74
00000004	2017	11	16	8.77
00000004	2017	11	17	8.77
00000004	2017	11	18	8.72
00000004	2017	11	19	8.83
00000004	2017	11	20	8.81
00000004	2017	11	21	8.78
00000004	2017	11	22	8.83
00000004	2017	11	23	8.81
00000004	2017	11	24	8.81
00000004	2017	11	25	8.85
00000004	2017	11	26	8.89
00000004	2017	11	27	8.88
00000004	2017	11	28	8.9
00000004	2017	11	29	8.89
00000004	2017	11	30	8.87
00000004	2017	12	1	8.89
00000004	2017	12	2	8.91
00000004	2017	12	3	8.91
00000004	2017	12	4	8.91
00000004	2017	12	5	8.9
00000004	2017	12	6	8.88
00000004	2017	12	7	8.84
00000004	2017	12	8	8.8
00000004	2017	12	9	8.8
00000004	2017	12	10	8.84
00000004	2017	12	11	8.77
00000004	2017	12	12	8.78
00000004	2017	12	13	8.78
00000004	2017	12	14	8.8
00000004	2017	12	15	8.89
00000004	2017	12	16	8.9
00000004	2017	12	17	8.87
00000004	2017	12	18	8.88
00000004	2017	12	19	8.85
00000004	2017	12	20	8.76
00000004	2017	12	21	8.79
00000004	2017	12	22	8.76
00000004	2017	12	23	8.74
00000004	2017	12	24	8.74
00000004	2017	12	25	8.77
00000004	2017	12	26	8.74
00000004	2017	12	27	8.77
00000004	2017	12	28	8.76
00000004	2017	12	29	8.75
00000004	2017	12	30	8.74
00000004	2017	12	31	8.81
00000004	2018	1	1	8.9
00000004	2018	1	2	8.86
00000004	2018	1	3	8.8
00000004	2018	1	4	8.86
00000004	2018	1	5	8.91
00000004	2018	1	6	8.94
00000004	2018	1	7	8.91
00000004	2018	1	8	8.83
00000004	2018	1	9	8.82
00000004	2018	1	10	8.77
00000004	2018	1	11	8.72
00000004	2018	1	12	8.77
00000004	2018	1	13	8.9
00000004	2018	1	14	8.89
00000004	2018	1	15	8.85
00000004	2018	1	16	8.89
00000004	2018	1	17	8.92
00000004	2018	1	18	8.88
00000004	2018	1	19	8.86
00000004	2018	1	20	8.86
00000004	2018	1	21	8.86
00000004	2018	1	22	8.82
00000004	2018	1	23	8.92
00000004	2018	1	24	8.98
00000004	2018	1	25	8.99
00000004	2018	1	26	8.97
00000004	2018	1	27	8.93
00000004	2018	1	28	8.89
00000004	2018	1	29	8.91
00000004	2018	1	30	8.95
00000004	2018	1	31	8.88
00000004	2018	2	1	8.87
00000004	2018	2	2	8.98
00000004	2018	2	3	8.89
00000004	2018	2	4	8.67
00000004	2018	2	5	8.67
00000004	2018	2	6	8.63
00000004	2018	2	7	8.47
00000004	2018	2	8	8.42
00000004	2018	2	9	8.37
00000004	2018	2	10	8.28
00000004	2018	2	11	8.17
00000004	2018	2	12	8.16
00000004	2018	2	13	8.11
00000004	2018	2	14	8.07
00000004	2018	2	15	8.04
00000004	2018	2	16	8.09
00000004	2018	2	17	8.11
00000004	2018	2	18	8.16
00000004	2018	2	19	8.16
00000004	2018	2	20	8.2
00000004	2018	2	21	8.13
00000004	2018	2	22	8.1
00000004	2018	2	23	8.08
00000004	2018	2	24	8.05
00000004	2018	2	25	8.03
00000004	2018	2	26	7.87
00000004	2018	2	27	7.83
00000004	2018	2	28	7.78
00000004	2018	3	1	7.83
00000004	2018	3	2	7.92
00000004	2018	3	3	7.89
00000004	2018	3	4	7.88
00000004	2018	3	5	7.85
00000004	2018	3	6	7.74
00000004	2018	3	7	7.78
00000004	2018	3	8	7.8
00000004	2018	3	9	7.8
00000004	2018	3	10	7.8
00000004	2018	3	11	7.71
00000004	2018	3	12	7.75
00000004	2018	3	13	7.76
00000004	2018	3	14	7.79
00000004	2018	3	15	7.77
00000004	2018	3	16	7.81
00000004	2018	3	17	7.81
00000004	2018	3	18	7.84
00000004	2018	3	19	7.78
00000004	2018	3	20	7.9
00000004	2018	3	21	8.02
00000004	2018	3	22	8.07
00000004	2018	3	23	8.03
00000004	2018	3	24	7.96
00000004	2018	3	25	8.03
00000004	2018	3	26	8.13
00000004	2018	3	27	8.1
00000004	2018	3	28	8.04
00000004	2018	3	29	8.04
00000004	2018	3	30	8.12
00000004	2018	3	31	8.08
00000004	2018	4	1	8.04
00000004	2018	4	2	8.05
00000004	2018	4	3	8.06
00000004	2018	4	4	8.17
00000004	2018	4	5	8.14
00000004	2018	4	6	8.07
00000004	2018	4	7	7.98
00000004	2018	4	8	7.97
00000004	2018	4	9	8.02
00000004	2018	4	10	8.08
00000004	2018	4	11	8.09
00000004	2018	4	12	8.08
00000004	2018	4	13	8.08
00000004	2018	4	14	8.01
00000004	2018	4	15	7.77
00000004	2018	4	16	7.81
00000004	2018	4	17	7.79
00000004	2018	4	18	7.83
00000004	2018	4	19	7.93
00000004	2018	4	20	7.97
00000004	2018	4	21	7.95
00000004	2018	4	22	7.84
00000004	2018	4	23	7.72
00000004	2018	4	24	7.74
00000004	2018	4	25	7.77
00000004	2018	4	26	7.7
00000004	2018	4	27	7.7
00000004	2018	4	28	7.74
00000004	2018	4	29	7.82
00000004	2018	4	30	7.82
00000004	2018	5	1	7.84
00000004	2018	5	2	7.87
00000004	2018	5	3	7.89
00000004	2018	5	4	7.89
00000004	2018	5	5	7.89
00000004	2018	5	6	7.93
00000004	2018	5	7	7.96
00000004	2018	5	8	7.99
00000004	2018	5	9	8
00000004	2018	5	10	8.03
00000004	2018	5	11	8.05
00000004	2018	5	12	8.07
00000004	2018	5	13	8.08
00000004	2018	5	14	8.07
00000004	2018	5	15	8.09
00000004	2018	5	16	8.09
00000004	2018	5	17	7.96
00000004	2018	5	18	7.94
00000004	2018	5	19	8
00000004	2018	5	20	8.02
00000004	2018	5	21	8.01
00000004	2018	5	22	8
00000004	2018	5	23	8.05
00000004	2018	5	24	8.06
00000004	2018	5	25	8.03
00000004	2018	5	26	7.96
00000004	2018	5	27	7.96
00000004	2018	5	28	7.95
00000004	2018	5	29	7.84
00000004	2018	5	30	7.76
00000004	2018	5	31	7.75
00000004	2018	6	1	7.75
00000004	2018	6	2	7.77
00000004	2018	6	3	7.83
00000004	2018	6	4	7.87
00000004	2018	6	5	7.88
00000004	2018	6	6	7.92
00000004	2018	6	7	7.98
00000004	2018	6	8	8.02
00000004	2018	6	9	8.03
00000004	2018	6	10	8.03
00000004	2018	6	11	8.05
00000004	2018	6	12	8.08
00000004	2018	6	13	8.1
00000004	2018	6	14	8.11
00000004	2018	6	15	8.13
00000004	2018	6	16	8.16
00000004	2018	6	17	8.2
00000004	2018	6	18	8.2
00000004	2018	6	19	8.2
00000004	2018	6	20	8.2
00000004	2018	6	21	8.21
00000004	2018	6	22	8.23
00000004	2018	6	23	8.26
00000004	2018	6	24	8.3
00000004	2018	6	25	8.32
00000004	2018	6	26	8.33
00000004	2018	6	27	8.34
00000004	2018	6	28	8.35
00000004	2018	6	29	8.35
00000004	2018	6	30	8.36
00000004	2018	7	1	8.35
00000004	2018	7	2	8.27
00000004	2018	7	3	8.27
00000004	2018	7	4	8.3
00000004	2018	7	5	8.32
00000004	2018	7	6	8.24
00000004	2018	7	7	8.05
00000004	2018	7	8	8.05
00000004	2018	7	9	8
00000004	2018	7	10	7.97
00000004	2018	7	11	7.92
00000004	2018	7	12	7.89
00000004	2018	7	13	7.9
00000004	2018	7	14	7.9
00000004	2018	7	15	7.89
00000004	2018	7	16	7.85
00000004	2018	7	17	7.82
00000004	2018	7	18	7.82
00000004	2018	7	19	7.85
00000004	2018	7	20	7.87
00000004	2018	7	21	7.88
00000004	2018	7	22	7.91
00000004	2018	7	23	7.97
00000004	2018	7	24	8.02
00000004	2018	7	25	8.05
00000004	2018	7	26	8.09
00000004	2018	7	27	8.13
00000004	2018	7	28	8.15
00000004	2018	7	29	8.15
00000004	2018	7	30	8.16
00000004	2018	7	31	8.19
00000004	2018	8	1	8.19
00000004	2018	8	2	8.21
00000004	2018	8	3	8.24
00000004	2018	8	4	8.27
00000004	2018	8	5	8.29
00000004	2018	8	6	8.29
00000004	2018	8	7	8.3
00000004	2018	8	8	8.31
00000004	2018	8	9	8.31
00000004	2018	8	10	8.25
00000004	2018	8	11	8.23
00000004	2018	8	12	8.26
00000004	2018	8	13	8.27
00000004	2018	8	14	8.28
00000004	2018	8	15	8.31
00000004	2018	8	16	8.35
00000004	2018	8	17	8.35
00000004	2018	8	18	8.31
00000004	2018	8	19	8.32
00000004	2018	8	20	8.33
00000004	2018	8	21	8.28
00000004	2018	8	22	8.3
00000004	2018	8	23	8.31
00000004	2018	8	24	8.33
00000004	2018	8	25	8.36
00000004	2018	8	26	8.38
00000004	2018	8	27	8.38
00000004	2018	8	28	8.4
00000004	2018	8	29	8.42
00000004	2018	8	30	8.41
00000004	2018	8	31	8.42
00000004	2018	9	1	8.41
00000004	2018	9	2	8.43
00000004	2018	9	3	8.45
00000004	2018	9	4	8.45
00000004	2018	9	5	8.4
00000004	2018	9	6	8.33
00000004	2018	9	7	8.31
00000004	2018	9	8	8.3
00000004	2018	9	9	8.32
00000004	2018	9	10	8.38
00000004	2018	9	11	8.41
00000004	2018	9	12	8.43
00000004	2018	9	13	8.44
00000004	2018	9	14	8.44
00000004	2018	9	15	8.44
00000004	2018	9	16	8.46
00000004	2018	9	17	8.49
00000004	2018	9	18	8.5
00000004	2018	9	19	8.52
00000004	2018	9	20	8.55
00000004	2018	9	21	8.58
00000004	2018	9	22	8.58
00000004	2018	9	23	8.59
00000004	2018	9	24	8.62
00000004	2018	9	25	8.64
00000004	2018	9	26	8.61
00000004	2018	9	27	8.53
00000004	2018	9	28	8.54
00000004	2018	9	29	8.53
00000004	2018	9	30	8.54
00000004	2018	10	1	8.58
00000004	2018	10	2	8.64
00000004	2018	10	3	8.68
00000004	2018	10	4	8.72
00000004	2018	10	5	8.72
00000004	2018	10	6	8.73
00000004	2018	10	7	8.72
00000004	2018	10	8	8.72
00000004	2018	10	9	8.73
00000004	2018	10	10	8.75
00000004	2018	10	11	8.83
00000004	2018	10	12	8.83
00000004	2018	10	13	8.83
00000004	2018	10	14	8.84
00000004	2018	10	15	8.87
00000004	2018	10	16	8.89
00000004	2018	10	17	8.92
00000004	2018	10	18	8.92
00000004	2018	10	19	8.9
00000004	2018	10	20	8.89
00000004	2018	10	21	8.92
00000004	2018	10	22	8.93
00000004	2018	10	23	8.97
00000004	2018	10	24	8.99
00000004	2018	10	25	8.92
00000004	2018	10	26	8.86
00000004	2018	10	27	8.92
00000004	2018	10	28	8.93
00000004	2018	10	29	8.98
00000004	2018	10	30	9.02
00000004	2018	10	31	9.01
00000004	2018	11	1	8.93
00000004	2018	11	2	8.99
00000004	2018	11	3	9.03
00000004	2018	11	4	8.97
00000004	2018	11	5	8.85
00000004	2018	11	6	8.86
00000004	2018	11	7	8.8
00000004	2018	11	8	8.68
00000004	2018	11	9	8.65
00000004	2018	11	10	8.64
00000004	2018	11	11	8.6
00000004	2018	11	12	8.46
00000004	2018	11	13	8.4
00000004	2018	11	14	8.38
00000004	2018	11	15	8.35
00000004	2018	11	16	8.36
00000004	2018	11	17	8.39
00000004	2018	11	18	8.4
00000004	2018	11	19	8.43
00000004	2018	11	20	8.52
00000004	2018	11	21	8.55
00000004	2018	11	22	8.55
00000004	2018	11	23	8.49
00000004	2018	11	24	8.45
00000004	2018	11	25	8.46
00000004	2018	11	26	8.56
00000004	2018	11	27	8.59
00000004	2018	11	28	8.63
00000004	2018	11	29	8.67
00000004	2018	11	30	8.67
00000004	2018	12	1	8.49
00000004	2018	12	2	8.46
00000004	2018	12	3	8.5
00000004	2018	12	4	8.52
00000004	2018	12	5	8.57
00000004	2018	12	6	8.57
00000004	2018	12	7	8.57
00000004	2018	12	8	8.37
00000004	2018	12	9	8.17
00000004	2018	12	10	8.21
00000004	2018	12	11	8.23
00000004	2018	12	12	8.2
00000004	2018	12	13	8.19
00000004	2018	12	14	8.15
00000004	2018	12	15	8.18
00000004	2018	12	16	8.23
00000004	2018	12	17	8.22
00000004	2018	12	18	8.21
00000004	2018	12	19	8.18
00000004	2018	12	20	8.04
00000004	2018	12	21	8.08
00000004	2018	12	22	8.13
00000004	2018	12	23	8.12
00000004	2018	12	24	8.14
00000004	2018	12	25	8.14
00000004	2018	12	26	8.15
00000004	2018	12	27	8.06
00000004	2018	12	28	7.73
00000004	2018	12	29	7.75
00000004	2018	12	30	7.7
00000004	2018	12	31	7.68
00000004	2019	1	1	7.74
00000004	2019	1	2	7.69
00000004	2019	1	3	7.52
00000004	2019	1	4	7.36
00000004	2019	1	5	7.45
00000004	2019	1	6	7.47
00000004	2019	1	7	7.49
00000004	2019	1	8	7.55
00000004	2019	1	9	7.64
00000004	2019	1	10	7.67
00000004	2019	1	11	7.71
00000004	2019	1	12	7.69
00000004	2019	1	13	7.75
00000004	2019	1	14	7.81
00000004	2019	1	15	7.84
00000004	2019	1	16	7.87
00000004	2019	1	17	7.88
00000004	2019	1	18	7.9
00000004	2019	1	19	7.78
00000004	2019	1	20	7.9
00000004	2019	1	21	7.92
00000004	2019	1	22	7.88
00000004	2019	1	23	7.71
00000004	2019	1	24	7.7
00000004	2019	1	25	7.76
00000004	2019	1	26	7.73
00000004	2019	1	27	7.71
00000004	2019	1	28	7.72
00000004	2019	1	29	7.84
00000004	2019	1	30	7.88
00000004	2019	1	31	7.89
00000004	2019	2	1	7.9
00000004	2019	2	2	7.89
00000004	2019	2	3	7.89
00000004	2019	2	4	7.91
00000004	2019	2	5	7.95
00000004	2019	2	6	7.96
00000004	2019	2	7	7.97
00000004	2019	2	8	8.11
00000004	2019	2	9	8.07
00000004	2019	2	10	8
00000004	2019	2	11	7.93
00000004	2019	2	12	7.9
00000004	2019	2	13	7.88
00000004	2019	2	14	7.78
00000004	2019	2	15	7.77
00000004	2019	2	16	7.83
00000004	2019	2	17	7.87
00000004	2019	2	18	8.02
00000004	2019	2	19	7.92
00000004	2019	2	20	7.7
00000004	2019	2	21	7.56
00000004	2019	2	22	7.44
00000004	2019	2	23	7.35
00000004	2019	2	24	7.34
00000004	2019	2	25	7.36
00000004	2019	2	26	7.32
00000004	2019	2	27	7.32
00000004	2019	2	28	7.31
00000004	2019	3	1	7.35
00000004	2019	3	2	7.37
00000004	2019	3	3	7.28
00000004	2019	3	4	7.31
00000004	2019	3	5	7.37
00000004	2019	3	6	7.45
00000004	2019	3	7	7.49
00000004	2019	3	8	7.43
00000004	2019	3	9	7.44
00000004	2019	3	10	7.56
00000004	2019	3	11	7.61
00000004	2019	3	12	7.6
00000004	2019	3	13	7.56
00000004	2019	3	14	7.59
00000004	2019	3	15	7.72
00000004	2019	3	16	7.76
00000004	2019	3	17	7.74
00000004	2019	3	18	7.78
00000004	2019	3	19	7.77
00000004	2019	3	20	7.73
00000004	2019	3	21	7.73
00000004	2019	3	22	7.8
00000004	2019	3	23	7.83
00000004	2019	3	24	7.81
00000004	2019	3	25	7.8
00000004	2019	3	26	7.88
00000004	2019	3	27	7.91
00000004	2019	3	28	7.94
00000004	2019	3	29	7.92
00000004	2019	3	30	7.91
00000004	2019	3	31	7.96
00000004	2019	4	1	7.95
00000004	2019	4	2	7.96
00000004	2019	4	3	8.01
00000004	2019	4	4	7.97
00000004	2019	4	5	7.97
00000004	2019	4	6	8
00000004	2019	4	7	7.93
00000004	2019	4	8	7.82
00000004	2019	4	9	7.8
00000004	2019	4	10	7.84
00000004	2019	4	11	7.87
00000004	2019	4	12	7.97
00000004	2019	4	13	7.89
00000004	2019	4	14	7.74
00000004	2019	4	15	7.81
00000004	2019	4	16	7.8
00000004	2019	4	17	7.78
00000004	2019	4	18	7.7
00000004	2019	4	19	7.54
00000004	2019	4	20	7.59
00000004	2019	4	21	7.67
00000004	2019	4	22	7.69
00000004	2019	4	23	7.69
00000004	2019	4	24	7.69
00000004	2019	4	25	7.66
00000004	2019	4	26	7.65
00000004	2019	4	27	7.65
00000004	2019	4	28	7.7
00000004	2019	4	29	7.75
00000004	2019	4	30	7.77
00000004	2019	5	1	7.8
00000004	2019	5	2	7.79
00000004	2019	5	3	7.79
00000004	2019	5	4	7.72
00000004	2019	5	5	7.64
00000004	2019	5	6	7.68
00000004	2019	5	7	7.71
00000004	2019	5	8	7.7
00000004	2019	5	9	7.68
00000004	2019	5	10	7.59
00000004	2019	5	11	7.52
00000004	2019	5	12	7.46
00000004	2019	5	13	7.45
00000004	2019	5	14	7.49
00000004	2019	5	15	7.51
00000004	2019	5	16	7.54
00000004	2019	5	17	7.59
00000004	2019	5	18	7.62
00000004	2019	5	19	7.66
00000004	2019	5	20	7.69
00000004	2019	5	21	7.68
00000004	2019	5	22	7.78
00000004	2019	5	23	7.82
00000004	2019	5	24	7.82
00000004	2019	5	25	7.85
00000004	2019	5	26	7.86
00000004	2019	5	27	7.85
00000004	2019	5	28	7.86
00000004	2019	5	29	7.89
00000004	2019	5	30	7.92
00000004	2019	5	31	7.95
00000004	2019	6	1	7.96
00000004	2019	6	2	7.99
00000004	2019	6	3	8.03
00000004	2019	6	4	8.04
00000004	2019	6	5	8.03
00000004	2019	6	6	7.91
00000004	2019	6	7	7.84
00000004	2019	6	8	7.77
00000004	2019	6	9	7.82
00000004	2019	6	10	7.89
00000004	2019	6	11	7.93
00000004	2019	6	12	7.92
00000004	2019	6	13	8
00000004	2019	6	14	8.03
00000004	2019	6	15	8.03
00000004	2019	6	16	8.03
00000004	2019	6	17	8.06
00000004	2019	6	18	8.05
00000004	2019	6	19	7.97
00000004	2019	6	20	7.99
00000004	2019	6	21	8.05
00000004	2019	6	22	8.07
00000004	2019	6	23	8.03
00000004	2019	6	24	8.03
00000004	2019	6	25	8.1
00000004	2019	6	26	8.13
00000004	2019	6	27	8.13
00000004	2019	6	28	8.12
00000004	2019	6	29	8.11
00000004	2019	6	30	8.11
00000004	2019	7	1	8.13
00000004	2019	7	2	8.14
00000004	2019	7	3	8.16
00000004	2019	7	4	8.18
00000004	2019	7	5	8.21
00000004	2019	7	6	8.2
00000004	2019	7	7	8.2
00000004	2019	7	8	8.2
00000004	2019	7	9	8.2
00000004	2019	7	10	8.21
00000004	2019	7	11	8.21
00000004	2019	7	12	8.24
00000004	2019	7	13	8.29
00000004	2019	7	14	8.28
00000004	2019	7	15	8.15
00000004	2019	7	16	8.12
00000004	2019	7	17	8.14
00000004	2019	7	18	8.16
00000004	2019	7	19	8.19
00000004	2019	7	20	8.21
00000004	2019	7	21	8.22
00000004	2019	7	22	8.23
00000004	2019	7	23	8.27
00000004	2019	7	24	8.31
00000004	2019	7	25	8.33
00000004	2019	7	26	8.36
00000004	2019	7	27	8.36
00000004	2019	7	28	8.36
00000004	2019	7	29	8.35
00000004	2019	7	30	8.37
00000004	2019	7	31	8.39
00000004	2019	8	1	8.4
00000004	2019	8	2	8.4
00000004	2019	8	3	8.42
00000004	2019	8	4	8.41
00000004	2019	8	5	8.42
00000004	2019	8	6	8.42
00000004	2019	8	7	8.44
00000004	2019	8	8	8.46
00000004	2019	8	9	8.47
00000004	2019	8	10	8.47
00000004	2019	8	11	8.48
00000004	2019	8	12	8.48
00000004	2019	8	13	8.5
00000004	2019	8	14	8.51
00000004	2019	8	15	8.52
00000004	2019	8	16	8.54
00000004	2019	8	17	8.55
00000004	2019	8	18	8.57
00000004	2019	8	19	8.59
00000004	2019	8	20	8.59
00000004	2019	8	21	8.59
00000004	2019	8	22	8.58
00000004	2019	8	23	8.59
00000004	2019	8	24	8.59
00000004	2019	8	25	8.57
00000004	2019	8	26	8.29
00000004	2019	8	27	8.2
00000004	2019	8	28	8.18
00000004	2019	8	29	8.22
00000004	2019	8	30	8.25
00000004	2019	8	31	8.29
00000004	2019	9	1	8.32
00000004	2019	9	2	8.35
00000004	2019	9	3	8.37
00000004	2019	9	4	8.41
00000004	2019	9	5	8.43
00000004	2019	9	6	8.45
00000004	2019	9	7	8.47
00000004	2019	9	8	8.51
00000004	2019	9	9	8.54
00000004	2019	9	10	8.57
00000004	2019	9	11	8.57
00000004	2019	9	12	8.56
00000004	2019	9	13	8.59
00000004	2019	9	14	8.6
00000004	2019	9	15	8.59
00000004	2019	9	16	8.6
00000004	2019	9	17	8.61
00000004	2019	9	18	8.63
00000004	2019	9	19	8.67
00000004	2019	9	20	8.69
00000004	2019	9	21	8.69
00000004	2019	9	22	8.68
00000004	2019	9	23	8.68
00000004	2019	9	24	8.67
00000004	2019	9	25	8.7
00000004	2019	9	26	8.72
00000004	2019	9	27	8.74
00000004	2019	9	28	8.78
00000004	2019	9	29	8.79
00000004	2019	9	30	8.79
00000004	2019	10	1	8.79
00000004	2019	10	2	8.79
00000004	2019	10	3	8.81
00000004	2019	10	4	8.8
00000004	2019	10	5	8.81
00000004	2019	10	6	8.83
00000004	2019	10	7	8.82
00000004	2019	10	8	8.8
00000004	2019	10	9	8.81
00000004	2019	10	10	8.83
00000004	2019	10	11	8.84
00000004	2019	10	12	8.85
00000004	2019	10	13	8.85
00000004	2019	10	14	8.85
00000004	2019	10	15	8.81
00000004	2019	10	16	8.82
00000004	2019	10	17	8.84
00000004	2019	10	18	8.82
00000004	2019	10	19	8.8
00000004	2019	10	20	8.87
00000004	2019	10	21	8.87
00000004	2019	10	22	8.93
00000004	2019	10	23	8.95
00000004	2019	10	24	8.95
00000004	2019	10	25	8.8
00000004	2019	10	26	8.29
00000004	2019	10	27	8.35
00000004	2019	10	28	8.38
00000004	2019	10	29	8.43
00000004	2019	10	30	8.43
00000004	2019	10	31	8.43
00000004	2019	11	1	8.43
00000004	2019	11	2	8.43
00000004	2019	11	3	8.43
00000004	2019	11	4	8.43
00000004	2019	11	5	8.43
00000004	2019	11	6	8.43
00000004	2019	11	7	8.43
00000004	2019	11	8	8.43
00000004	2019	11	9	8.43
00000004	2019	11	10	8.43
00000004	2019	11	11	8.43
00000004	2019	11	12	8.43
00000004	2019	11	13	8.43
00000004	2019	11	14	8.43
00000004	2019	11	15	8.43
00000004	2019	11	16	8.43
00000004	2019	11	17	8.43
00000004	2019	11	18	8.43
00000004	2019	11	19	8.43
00000004	2019	11	20	8.43
00000004	2019	11	21	8.43
00000004	2019	11	22	8.43
00000004	2019	11	23	8.43
00000004	2019	11	24	8.43
00000004	2019	11	25	8.19
00000004	2019	11	26	7.88
00000004	2019	11	27	7.9
00000004	2019	11	28	7.88
00000004	2019	11	29	7.82
00000004	2019	11	30	7.74
00000004	2019	12	1	7.79
00000004	2019	12	2	7.9
00000004	2019	12	3	7.87
00000004	2019	12	4	7.9
00000004	2019	12	5	7.96
00000004	2019	12	6	7.97
00000004	2019	12	7	7.97
00000004	2019	12	8	7.92
00000004	2019	12	9	7.88
00000004	2019	12	10	7.94
00000004	2019	12	11	7.86
00000004	2019	12	12	7.75
00000004	2019	12	13	7.66
00000004	2019	12	14	7.71
00000004	2019	12	15	7.78
00000004	2019	12	16	7.77
00000004	2019	12	17	7.79
00000004	2019	12	18	7.82
00000004	2019	12	19	7.82
00000004	2019	12	20	7.82
00000004	2019	12	21	7.82
00000004	2019	12	22	7.57
00000004	2019	12	23	7.43
00000004	2019	12	24	7.46
00000004	2019	12	25	7.49
00000004	2019	12	26	7.53
00000004	2019	12	27	7.55
00000004	2019	12	28	7.54
00000004	2019	12	29	7.48
00000004	2019	12	30	7.48
00000004	2019	12	31	7.48
00000004	2020	1	1	7.47
00000004	2020	1	2	7.26
00000004	2020	1	3	7.07
00000004	2020	1	4	7.06
00000004	2020	1	5	7.08
00000004	2020	1	6	7.05
00000004	2020	1	7	7.15
00000004	2020	1	8	7.23
00000004	2020	1	9	7.24
00000004	2020	1	10	7.22
00000004	2020	1	11	7.18
00000004	2020	1	12	7.26
00000004	2020	1	13	7.24
00000004	2020	1	14	7.09
00000004	2020	1	15	6.96
00000004	2020	1	16	7.03
00000004	2020	1	17	7.02
00000004	2020	1	18	6.98
00000004	2020	1	19	7.02
00000004	2020	1	20	7.08
00000004	2020	1	21	7.1
00000004	2020	1	22	7.07
00000004	2020	1	23	7.06
00000004	2020	1	24	7.12
00000004	2020	1	25	7.21
00000004	2020	1	26	7.21
00000004	2020	1	27	7.22
00000004	2020	1	28	7.27
00000004	2020	1	29	7.29
00000004	2020	1	30	7.35
00000004	2020	1	31	7.37
00000004	2020	2	1	7.39
00000004	2020	2	2	7.39
00000004	2020	2	3	7.41
00000004	2020	2	4	7.41
00000004	2020	2	5	7.35
00000004	2020	2	6	6.9
00000004	2020	2	7	7.01
00000004	2020	2	8	7.07
00000004	2020	2	9	7.08
00000004	2020	2	10	6.8
00000004	2020	2	11	6.3
00000004	2020	2	12	6.19
00000004	2020	2	13	6.33
00000004	2020	2	14	6.44
00000004	2020	2	15	6.43
00000004	2020	2	16	6.44
00000004	2020	2	17	6.52
00000004	2020	2	18	6.48
00000004	2020	2	19	6.36
00000004	2020	2	20	6.21
00000004	2020	2	21	6.22
00000004	2020	2	22	6.24
00000004	2020	2	23	6.26
00000004	2020	2	24	6.21
00000004	2020	2	25	6.27
00000004	2020	2	26	6.41
00000004	2020	2	27	6.51
00000004	2020	2	28	6.51
00000004	2020	2	29	6.58
00000004	2020	3	1	6.58
00000004	2020	3	2	6.51
00000004	2020	3	3	6.45
00000004	2020	3	4	6.31
00000004	2020	3	5	5.82
00000004	2020	3	6	5.94
00000004	2020	3	7	6.05
00000004	2020	3	8	6.11
00000004	2020	3	9	6.15
00000004	2020	3	10	6.16
00000004	2020	3	11	6.14
00000004	2020	3	12	6.14
00000004	2020	3	13	6.29
00000004	2020	3	14	6.35
00000004	2020	3	15	6.41
00000004	2020	3	16	6.4
00000004	2020	3	17	6.44
00000004	2020	3	18	6.48
00000004	2020	3	19	6.52
00000004	2020	3	20	6.57
00000004	2020	3	21	6.61
00000004	2020	3	22	6.57
00000004	2020	3	23	6.51
00000004	2020	3	24	6.43
00000004	2020	3	25	6.43
00000004	2020	3	26	6.45
00000004	2020	3	27	6.5
00000004	2020	3	28	6.54
00000004	2020	3	29	6.66
00000004	2020	3	30	6.64
00000004	2020	3	31	6.54
00000004	2020	4	1	6.63
00000004	2020	4	2	6.67
00000004	2020	4	3	6.67
00000004	2020	4	4	6.69
00000004	2020	4	5	6.73
00000004	2020	4	6	6.77
00000004	2020	4	7	6.75
00000004	2020	4	8	6.68
00000004	2020	4	9	6.67
00000004	2020	4	10	6.74
00000004	2020	4	11	6.74
00000004	2020	4	12	6.59
00000004	2020	4	13	6.52
00000004	2020	4	14	6.55
00000004	2020	4	15	6.6
00000004	2020	4	16	6.67
00000004	2020	4	17	6.63
00000004	2020	4	18	6.66
00000004	2020	4	19	6.28
00000004	2020	4	20	5.95
00000004	2020	4	21	6.11
00000004	2020	4	22	6.19
00000004	2020	4	23	5.94
00000004	2020	4	24	6.05
00000004	2020	4	25	6.15
00000004	2020	4	26	6.3
00000004	2020	4	27	6.35
00000004	2020	4	28	6.33
00000004	2020	4	29	6.3
00000004	2020	4	30	6.41
00000004	2020	5	1	6.49
00000004	2020	5	2	6.53
00000004	2020	5	3	6.53
00000004	2020	5	4	6.54
00000004	2020	5	5	6.59
00000004	2020	5	6	6.67
00000004	2020	5	7	6.69
00000004	2020	5	8	6.65
00000004	2020	5	9	6.77
00000004	2020	5	10	6.77
00000004	2020	5	11	6.8
00000004	2020	5	12	6.8
00000004	2020	5	13	6.82
00000004	2020	5	14	6.83
00000004	2020	5	15	6.83
00000004	2020	5	16	6.84
00000004	2020	5	17	6.84
00000004	2020	5	18	6.85
00000004	2020	5	19	6.9
00000004	2020	5	20	6.94
00000004	2020	5	21	6.97
00000004	2020	5	22	6.99
00000004	2020	5	23	7
00000004	2020	5	24	7
00000004	2020	5	25	7.01
00000004	2020	5	26	6.98
00000004	2020	5	27	6.87
00000004	2020	5	28	6.82
00000004	2020	5	29	6.87
00000004	2020	5	30	6.93
00000004	2020	5	31	6.97
00000004	2020	6	1	7.01
00000004	2020	6	2	7.02
00000004	2020	6	3	7.01
00000004	2020	6	4	7.03
00000004	2020	6	5	7.07
00000004	2020	6	6	7.08
00000004	2020	6	7	7.06
00000004	2020	6	8	7.07
00000004	2020	6	9	7.11
00000004	2020	6	10	7.12
00000004	2020	6	11	7.18
00000004	2020	6	12	7.16
00000004	2020	6	13	7.17
00000004	2020	6	14	7.21
00000004	2020	6	15	7.23
00000004	2020	6	16	7.24
00000004	2020	6	17	7.25
00000004	2020	6	18	7.21
00000004	2020	6	19	7.13
00000004	2020	6	20	7.13
00000004	2020	6	21	7.15
00000004	2020	6	22	7.15
00000004	2020	6	23	7.15
00000004	2020	6	24	7.15
00000004	2020	6	25	7.15
00000004	2020	6	26	7.15
00000004	2020	6	27	7.15
00000004	2020	6	28	7.15
00000004	2020	6	29	7.15
00000004	2020	6	30	7.15
00000004	2020	7	1	7.15
00000004	2020	7	2	7.15
00000004	2020	7	3	7.15
00000004	2020	7	4	7.15
00000004	2020	7	5	7.15
00000004	2020	7	6	7.15
00000004	2020	7	7	7.15
00000004	2020	7	8	7.15
00000004	2020	7	9	7.15
00000004	2020	7	10	7.15
00000004	2020	7	11	7.15
00000004	2020	7	12	7.15
00000004	2020	7	13	7.15
00000004	2020	7	14	7.15
00000004	2020	7	15	7.15
00000004	2020	7	16	7.15
00000004	2020	7	17	7.25
00000004	2020	7	18	7.34
00000004	2020	7	19	7.35
00000004	2020	7	20	7.37
00000004	2020	7	21	7.39
00000004	2020	7	22	7.41
00000004	2020	7	23	7.43
00000004	2020	7	24	7.45
00000004	2020	7	25	7.45
00000004	2020	7	26	7.44
00000004	2020	7	27	7.43
00000004	2020	7	28	7.45
00000004	2020	7	29	7.46
00000004	2020	7	30	7.45
00000004	2020	7	31	7.44
00000004	2020	8	1	7.42
00000004	2020	8	2	7.45
00000004	2020	9	3	7.51
00000004	2020	9	4	7.57
00000004	2020	9	5	7.61
00000004	2020	9	6	7.59
00000004	2020	9	7	7.59
00000004	2020	9	8	7.63
00000004	2020	9	9	7.68
00000004	2020	9	10	7.7
00000004	2020	9	11	7.68
00000004	2020	9	12	7.69
00000004	2020	9	13	7.73
00000004	2020	9	14	7.75
00000004	2020	9	15	7.75
00000004	2020	9	16	7.72
00000004	2020	9	17	7.75
00000004	2020	9	18	7.81
00000004	2020	9	19	7.84
00000004	2020	9	20	7.85
00000004	2020	9	21	7.87
00000004	2020	9	22	7.85
00000004	2020	9	23	7.82
00000004	2020	9	24	7.79
00000004	2020	9	25	7.86
00000004	2020	9	26	7.86
00000004	2020	9	27	7.84
00000004	2020	9	28	7.87
00000004	2020	9	29	7.89
00000004	2020	9	30	7.91
00000004	2020	10	1	7.92
00000004	2020	10	2	7.94
00000004	2020	10	3	7.94
00000004	2020	10	4	7.94
00000004	2020	10	5	7.95
00000004	2020	10	6	7.95
00000004	2020	10	7	7.96
00000004	2020	10	8	7.98
00000004	2020	10	9	7.96
00000004	2020	10	10	7.84
00000004	2020	10	11	7.86
00000004	2020	10	12	7.89
00000004	2020	10	13	7.94
00000004	2020	10	14	7.91
00000004	2020	10	15	7.93
00000004	2020	10	16	8.01
00000004	2020	10	17	7.98
00000004	2020	10	18	7.98
00000004	2020	10	19	7.98
00000004	2020	10	20	7.99
00000004	2020	10	21	8.01
00000004	2020	10	22	8.01
00000004	2020	10	23	8
00000004	2020	10	24	7.92
00000004	2020	10	25	7.89
00000004	2020	10	26	7.91
00000004	2020	10	27	7.92
00000004	2020	10	28	7.82
00000004	2020	10	29	7.63
00000004	2020	10	30	7.71
00000004	2020	10	31	7.71
00000004	2020	11	1	7.74
00000004	2020	11	2	7.79
00000004	2020	11	3	7.78
00000004	2020	11	4	7.82
00000004	2020	11	5	7.83
00000004	2020	11	6	7.83
00000004	2021	4	22	8.07
00000004	2021	4	23	8.07
00000004	2021	4	24	7.95
00000004	2021	4	25	8.03
00000004	2021	4	26	8.04
00000004	2021	4	27	8.06
00000004	2021	4	28	8.06
00000004	2021	4	29	8.09
00000004	2021	4	30	8.13
00000004	2021	5	1	8.12
00000004	2021	5	2	8.08
00000004	2021	5	3	8.12
00000004	2021	5	4	8.11
00000004	2021	5	5	8
00000004	2021	5	6	8
00000004	2021	5	7	8.01
00000004	2021	5	8	8.01
00000004	2021	5	9	8.01
00000004	2021	5	10	8.01
00000004	2021	5	11	8.02
00000004	2021	5	12	8.02
00000004	2021	5	13	8.03
00000004	2021	5	14	8.03
00000004	2021	5	15	8.04
00000004	2021	5	21	8.21
00000004	2021	5	22	8.23
00000004	2021	5	28	8.23
00000004	2021	5	29	8.27
00000004	2021	5	30	8.3
00000004	2021	6	2	8.31
00000004	2021	6	4	8.35
00000004	2021	6	12	7.81
00000004	2021	6	14	7.77
00000004	2022	2	14	7.8
00000004	2022	2	15	7.78
00000004	2022	2	16	7.81
00000004	2022	2	17	7.73
00000004	2022	2	18	7.76
00000004	2022	2	19	7.77
00000004	2022	2	20	7.74
00000004	2022	2	21	7.66
00000004	2022	2	22	7.58
00000004	2022	2	23	7.56
00000004	2022	2	24	7.53
00000004	2022	2	25	7.59
00000004	2022	2	26	7.55
00000004	2022	2	27	7.49
00000004	2022	2	28	7.49
00000004	2022	3	1	7.51
00000004	2022	3	2	7.53
00000004	2022	3	3	7.57
00000004	2022	3	4	7.6
00000004	2022	3	5	7.62
00000004	2022	3	6	7.62
00000004	2022	3	7	7.64
00000004	2022	3	8	7.63
00000004	2022	3	9	7.63
00000004	2022	3	10	7.65
00000004	2022	3	11	7.63
00000004	2022	3	12	7.77
00000004	2022	3	13	7.76
00000004	2022	3	14	7.73
00000004	2022	3	15	7.65
00000004	2022	3	16	7.62
00000004	2022	3	17	7.64
00000004	2022	3	18	7.52
00000004	2022	3	19	7.57
00000004	2022	3	20	7.59
00000004	2022	3	21	7.56
00000004	2022	3	22	7.45
00000004	2022	3	23	7.34
00000004	2022	3	24	7.37
00000004	2022	3	25	7.42
00000004	2022	3	26	7.44
00000004	2022	3	27	7.47
00000004	2022	3	28	7.49
00000004	2022	3	29	7.49
00000004	2022	3	30	7.42
00000004	2022	3	31	7.43
00000004	2022	4	1	7.51
00000004	2022	4	2	7.49
00000004	2022	4	3	7.5
00000004	2022	4	4	7.5
00000004	2022	4	5	7.38
00000004	2022	4	6	7.37
00000004	2022	4	7	7.41
00000004	2022	4	8	7.44
00000004	2022	4	9	7.47
00000004	2022	4	10	7.49
00000004	2022	4	11	7.51
00000004	2022	4	12	7.52
00000004	2022	4	13	7.5
00000004	2022	4	14	7.56
00000004	2022	4	15	7.54
00000004	2022	4	16	7.51
00000004	2022	4	17	7.41
00000004	2022	4	18	7.39
00000004	2022	4	19	7.41
00000004	2022	4	20	7.42
00000004	2022	4	21	7.48
00000004	2022	4	22	7.49
00000004	2022	4	23	7.48
00000004	2022	4	24	7.51
00000004	2022	4	25	7.54
00000004	2022	4	26	7.56
00000004	2022	4	27	7.53
00000004	2022	4	28	7.53
00000004	2022	4	29	7.54
00000004	2022	4	30	7.56
00000004	2022	5	1	7.5
00000004	2022	5	2	7.45
00000004	2022	5	3	7.47
00000004	2022	5	4	7.51
00000004	2022	5	5	7.51
00000004	2022	5	6	7.5
00000004	2022	5	7	7.57
00000004	2022	5	8	7.62
00000004	2022	5	9	7.68
00000004	2022	5	10	7.71
00000004	2022	5	11	7.7
00000004	2022	5	12	7.69
00000004	2022	5	13	7.69
00000004	2022	5	14	7.59
00000004	2022	5	15	7.59
00000004	2022	5	16	7.63
00000004	2022	5	17	7.69
00000004	2022	5	18	7.69
00000004	2022	5	19	7.69
00000004	2022	5	20	7.75
00000004	2022	5	21	7.8
00000004	2022	5	22	7.81
00000004	2022	5	23	7.8
00000004	2022	5	24	7.8
00000004	2022	5	25	7.77
00000004	2022	5	26	7.62
00000004	2022	5	27	7.59
00000004	2022	5	28	7.62
00000004	2022	5	29	7.67
00000004	2022	5	30	7.72
00000004	2022	5	31	7.76
00000004	2022	6	1	7.76
00000004	2022	6	2	7.75
00000004	2022	6	3	7.72
00000004	2022	6	4	7.72
00000004	2022	6	5	7.76
00000004	2022	6	6	7.8
00000004	2022	6	7	7.84
00000004	2022	6	8	7.85
00000004	2022	6	9	7.88
00000004	2022	6	10	7.88
00000004	2022	6	11	7.9
00000004	2022	6	12	7.93
00000004	2022	6	13	7.96
00000004	2022	6	14	7.98
00000004	2022	6	15	7.99
00000004	2022	6	16	8.01
00000004	2022	6	17	8.01
00000004	2022	6	18	8.02
00000004	2022	6	19	8.06
00000004	2022	6	20	8.08
00000004	2022	6	21	8.09
00000004	2022	6	22	8.07
00000004	2022	6	23	8.07
00000004	2022	6	24	8.11
00000004	2022	6	25	8.14
00000004	2022	6	26	8.16
00000004	2022	6	27	8.17
00000004	2022	6	28	8.18
00000004	2022	6	29	8.2
00000004	2022	6	30	8.17
00000004	2022	7	1	8.16
00000004	2022	7	2	8.18
00000004	2022	7	3	8.2
00000004	2022	7	4	8.16
00000004	2022	7	5	8.04
00000004	2022	7	6	7.98
00000004	2022	7	7	8
00000004	2022	7	8	8.04
00000004	2022	7	9	8.05
00000004	2022	7	10	7.96
00000004	2022	7	11	7.96
00000004	2022	7	12	8
00000004	2022	7	13	8.06
00000004	2022	7	14	8.1
00000004	2022	7	15	8.11
00000004	2022	7	16	8.12
00000004	2022	7	17	8.14
00000004	2022	7	18	8.15
00000004	2022	7	19	8.18
00000004	2022	7	20	8.18
00000004	2022	7	21	8.22
00000004	2022	7	22	8.24
00000004	2022	7	23	8.25
00000004	2022	7	24	8.25
00000004	2022	7	25	8.26
00000004	2022	7	26	8.27
00000004	2022	7	27	8.28
00000004	2022	7	28	8.29
00000004	2022	7	29	8.32
00000004	2022	7	30	8.29
00000004	2022	7	31	8.17
00000004	2022	8	1	8.15
00000004	2022	8	2	8.16
00000004	2022	8	3	8.18
00000004	2022	8	4	8.22
00000004	2022	8	5	8.25
00000004	2022	8	6	8.28
00000004	2022	8	7	8.29
00000004	2022	8	8	8.29
00000004	2022	8	9	8.31
00000004	2022	8	10	8.31
00000004	2022	8	11	8.26
00000004	2022	8	12	8.25
00000004	2022	8	13	8.27
00000004	2022	8	14	8.28
00000004	2022	8	15	8.29
00000004	2022	8	16	8.32
00000004	2022	8	17	8.34
00000004	2022	8	18	8.34
00000004	2022	8	19	8.36
00000004	2022	8	20	8.31
00000004	2022	8	21	8.22
00000004	2022	8	22	8.16
00000004	2022	8	23	8.14
00000004	2022	8	24	8.07
00000004	2022	8	25	8
00000004	2022	8	26	7.98
00000004	2022	8	27	7.99
00000004	2022	8	28	8.03
00000004	2022	8	29	8.06
00000004	2022	8	30	8.08
00000004	2022	8	31	8.1
00000004	2022	9	1	8.13
00000004	2022	9	2	8.17
00000004	2022	9	3	8.2
00000004	2022	9	4	8.2
00000004	2022	9	5	8.23
00000004	2022	9	6	8.25
00000004	2022	9	7	8.23
00000004	2022	9	8	8.22
00000004	2022	9	9	8.27
00000004	2022	9	10	8.3
00000004	2022	9	11	8.29
00000004	2022	9	12	8.24
00000004	2022	9	13	8.25
00000004	2022	9	14	8.29
00000004	2022	9	15	8.32
00000004	2022	9	16	8.32
00000004	2022	9	17	8.33
00000004	2022	9	18	8.34
00000004	2022	9	19	8.35
00000004	2022	9	20	8.36
00000004	2022	9	21	8.38
00000004	2022	9	22	8.39
00000004	2022	9	23	8.43
00000004	2022	9	24	8.42
00000004	2022	9	25	8.42
00000004	2022	9	26	8.45
00000004	2022	9	27	8.48
00000004	2022	9	28	8.5
00000004	2022	9	29	8.48
00000004	2022	9	30	8.46
00000004	2022	10	1	8.5
00000004	2022	10	2	8.53
00000004	2022	10	3	8.54
00000004	2022	10	4	8.54
00000004	2022	10	5	8.55
00000004	2022	10	6	8.57
00000004	2022	10	7	8.58
00000004	2022	10	8	8.6
00000004	2022	10	9	8.6
00000004	2022	10	10	8.6
00000004	2022	10	11	8.59
00000004	2022	10	12	8.55
00000004	2022	10	13	8.5
00000004	2022	10	14	8.51
00000004	2022	10	15	8.54
00000004	2022	10	16	8.53
00000004	2022	10	17	8.53
00000004	2022	10	18	8.6
00000004	2022	10	19	8.61
00000004	2022	10	20	8.59
00000004	2022	10	21	8.6
00000004	2022	10	22	8.62
00000004	2022	10	23	8.63
00000004	2022	10	24	8.61
00000004	2022	10	25	8.59
00000004	2022	10	26	8.65
00000004	2022	10	27	8.66
00000004	2022	10	28	8.69
00000004	2022	10	29	8.66
00000004	2022	10	30	8.56
00000004	2022	10	31	8.56
00000004	2022	11	1	8.6
00000004	2022	11	2	8.61
00000004	2022	11	3	8.61
00000004	2022	11	4	8.6
00000004	2022	11	5	8.58
00000004	2022	11	6	8.63
00000004	2022	11	7	8.65
00000004	2022	11	8	8.66
00000004	2022	11	9	8.65
00000004	2022	11	10	8.57
00000004	2022	11	11	8.59
00000004	2022	11	12	8.7
00000004	2022	11	13	8.71
00000004	2022	11	14	8.68
00000004	2022	11	15	8.66
00000004	2022	11	16	8.67
00000004	2022	11	17	8.67
00000004	2022	11	18	8.68
00000004	2022	11	19	8.7
00000004	2022	11	20	8.71
00000004	2022	11	21	8.71
00000004	2022	11	22	8.71
00000004	2022	11	23	8.7
00000004	2022	11	24	8.7
00000004	2022	11	25	8.71
00000004	2022	11	26	8.65
00000004	2022	11	27	8.64
00000004	2022	11	28	8.69
00000004	2022	11	29	8.65
00000004	2022	11	30	8.48
00000004	2022	12	1	8.44
00000004	2022	12	2	8.39
00000004	2022	12	3	8.39
00000004	2022	12	4	8.38
00000004	2022	12	5	8.36
00000004	2022	12	6	8.42
00000004	2022	12	7	8.47
00000004	2022	12	8	8.46
00000004	2022	12	9	8.48
00000004	2022	12	10	8.51
00000004	2022	12	11	8.51
00000004	2022	12	12	8.52
00000004	2022	12	13	8.5
00000004	2022	12	14	8.34
00000004	2022	12	15	8.15
00000004	2022	12	16	8.17
00000004	2022	12	17	8.18
00000004	2022	12	18	8.26
00000004	2022	12	19	8.27
00000004	2022	12	20	8.29
00000004	2022	12	21	8.27
00000004	2022	12	22	8.25
00000004	2022	12	23	8.41
00000004	2022	12	24	8.4
00000004	2022	12	25	8.4
00000004	2022	12	26	8.4
00000004	2022	12	27	8.42
00000004	2022	12	28	8.43
00000004	2022	12	29	8.45
00000004	2022	12	30	8.42
00000004	2022	12	31	8.42
00000004	2023	1	1	8.46
00000004	2023	1	2	8.46
00000004	2023	1	3	8.4
00000004	2023	1	4	8.3
00000004	2023	1	5	8.29
00000004	2023	1	6	8.29
00000004	2023	1	7	8.27
00000004	2023	1	8	8.22
00000004	2023	1	9	8.18
00000004	2023	1	10	8.14
00000004	2023	1	11	8.14
00000004	2023	1	12	8.14
00000004	2023	1	13	8.17
00000004	2023	1	14	8.16
00000004	2023	1	15	8.14
00000004	2023	1	16	8.12
00000004	2023	1	17	8.1
00000004	2023	1	18	8.08
00000004	2023	1	19	8.07
00000004	2023	1	20	8.1
00000004	2023	1	21	8.05
00000004	2023	1	22	7.96
00000004	2023	1	23	8.04
00000004	2023	1	24	7.97
00000004	2023	1	25	7.9
00000004	2023	1	26	7.95
00000004	2023	1	27	7.95
00000004	2023	1	28	7.95
00000004	2023	1	29	7.92
00000004	2023	1	30	7.86
00000004	2023	1	31	7.84
00000004	2023	2	1	7.83
00000004	2023	2	2	7.76
00000004	2023	2	3	7.74
00000004	2023	2	4	7.7
00000004	2023	2	5	7.68
00000004	2023	2	6	7.72
00000004	2023	2	7	7.76
00000004	2023	2	8	7.77
00000004	2023	2	9	7.76
00000004	2023	2	10	7.79
00000004	2023	2	11	7.71
00000004	2023	2	12	7.63
00000004	2023	2	13	7.62
00000004	2023	2	14	7.62
00000004	2023	2	15	7.67
00000004	2023	2	16	7.66
00000004	2023	2	17	7.64
00000004	2023	2	18	7.59
00000004	2023	2	19	7.56
00000004	2023	2	20	7.53
00000004	2023	2	21	7.52
00000004	2023	2	22	7.53
00000004	2023	2	23	7.61
00000004	2023	2	24	7.68
00000004	2023	2	25	7.65
00000004	2023	2	26	7.63
00000004	2023	2	27	7.6
00000004	2023	2	28	7.69
00000004	2023	3	1	7.72
00000004	2023	3	2	7.71
00000004	2023	3	3	7.66
00000004	2023	3	4	7.78
00000004	2023	3	5	7.8
00000004	2023	3	6	7.77
00000004	2023	3	7	7.8
00000004	2023	3	8	7.85
00000004	2023	3	9	7.83
00000004	2023	3	10	7.8
00000004	2023	3	11	7.77
00000004	2023	3	12	7.73
00000004	2023	3	13	7.79
00000004	2023	3	14	7.82
00000004	2023	3	15	7.8
00000004	2023	3	16	7.75
00000004	2023	3	17	7.73
00000004	2023	3	18	7.78
00000004	2023	3	19	7.82
00000004	2023	3	20	7.82
00000004	2023	3	21	7.8
00000004	2023	3	22	7.81
00000004	2023	3	23	7.81
00000004	2023	3	24	7.77
00000004	2023	3	25	7.82
00000004	2023	3	26	7.85
00000004	2023	3	27	7.72
00000004	2023	3	28	7.71
00000004	2023	3	29	7.74
00000004	2023	3	30	7.74
00000004	2023	3	31	7.72
00000004	2023	4	1	7.75
00000004	2023	4	2	7.79
00000004	2023	4	3	7.74
00000004	2023	4	4	7.77
00000004	2023	4	5	7.82
00000004	2023	4	6	7.87
00000004	2023	4	7	7.86
00000004	2023	4	8	7.67
00000004	2023	4	9	7.61
00000004	2023	4	10	7.63
00000004	2023	4	11	7.63
00000004	2023	4	12	7.61
00000004	2023	4	13	7.59
00000004	2023	4	14	7.66
00000004	2023	4	15	7.7
00000004	2023	4	16	7.74
00000004	2023	4	17	7.77
00000004	2023	4	18	7.79
00000004	2023	4	19	7.82
00000004	2023	4	20	7.84
00000004	2023	4	21	7.81
00000004	2023	4	22	7.86
00000004	2023	4	23	7.9
00000004	2023	4	24	7.9
00000004	2023	4	25	7.91
00000004	2023	4	26	7.92
00000004	2023	4	27	7.84
00000004	2023	4	28	7.88
00000004	2023	4	29	7.86
00000004	2023	4	30	7.86
00000004	2023	5	1	7.89
00000004	2023	5	2	7.91
00000004	2023	5	3	7.95
00000004	2023	5	4	7.98
00000004	2023	5	5	8
00000004	2023	5	6	8.02
00000004	2023	5	7	8.01
00000004	2023	5	8	8.02
00000004	2023	5	9	8.01
00000004	2023	5	10	7.85
00000004	2023	5	11	7.84
00000004	2023	5	12	7.87
00000004	2023	5	13	7.89
00000004	2023	5	14	7.93
00000004	2023	5	15	7.94
00000004	2023	5	16	7.91
00000004	2023	5	17	7.89
00000004	2023	5	18	7.9
00000004	2023	5	19	7.93
00000004	2023	5	20	7.93
00000004	2023	5	21	7.95
00000004	2023	5	22	7.92
00000004	2023	5	23	7.82
00000004	2023	5	24	7.73
00000004	2023	5	25	7.72
00000004	2023	5	26	7.77
00000004	2023	5	27	7.81
00000004	2023	5	28	7.83
00000004	2023	5	29	7.85
00000004	2023	5	30	7.88
00000004	2023	5	31	7.92
00000004	2023	6	1	7.95
00000004	2023	6	2	7.95
00000004	2023	6	3	7.96
00000004	2023	6	4	8
00000004	2023	6	5	8
00000004	2023	6	6	7.95
00000004	2023	6	7	7.92
00000004	2023	6	8	7.96
00000004	2023	6	9	8.01
00000004	2023	6	10	8.03
00000004	2023	6	11	8.04
00000004	2023	6	12	8.08
00000004	2023	6	13	8.08
00000004	2023	6	14	8.05
00000004	2023	6	15	8.02
00000004	2023	6	16	8
00000004	2023	6	17	8
00000004	2023	6	18	7.99
00000004	2023	6	19	7.98
00000004	2023	6	20	8.01
00000004	2023	6	21	8.03
00000004	2023	6	22	8.07
00000004	2023	6	23	8.1
00000004	2023	6	24	8.11
00000004	2023	6	25	8.1
00000004	2023	6	26	8.11
00000004	2023	6	27	8.14
00000004	2023	6	28	8.16
00000004	2023	6	29	8.19
00000004	2023	6	30	8.19
00000004	2023	7	1	8.2
00000004	2023	7	2	8.21
00000004	2023	7	3	8.21
00000004	2023	7	4	8.12
00000004	2023	7	5	8.11
00000004	2023	7	6	8.11
00000004	2023	7	7	8.12
00000004	2023	7	8	8.14
00000004	2023	7	9	8.08
00000004	2023	7	10	7.91
00000004	2023	7	11	7.91
00000004	2023	7	12	7.93
00000004	2023	7	13	7.94
00000004	2023	7	14	7.97
00000004	2023	7	15	7.98
00000004	2023	7	16	8.02
00000004	2023	7	17	8.06
00000004	2023	7	18	8.09
00000004	2023	7	19	8.11
00000004	2023	7	20	8.11
00000004	2023	7	21	8.12
00000004	2023	7	22	8.08
00000004	2023	7	23	8.08
00000004	2023	7	24	8.12
00000004	2023	7	25	8.14
00000004	2023	7	26	8.15
00000004	2023	7	27	8.17
00000004	2023	7	28	8.19
00000004	2023	7	29	8.19
00000004	2023	7	30	8.2
00000004	2023	7	31	8.22
00000004	2023	8	1	8.25
00000004	2023	8	2	8.26
00000004	2023	8	3	8.26
00000004	2023	8	4	8.26
00000004	2023	8	5	8.26
00000004	2023	8	6	8.27
00000004	2023	8	7	8.28
00000004	2023	8	8	8.26
00000004	2023	8	9	8.19
00000004	2023	8	10	8.2
00000004	2023	8	11	8.22
00000004	2023	8	12	8.26
00000004	2023	8	13	8.28
00000004	2023	8	14	8.29
00000004	2023	8	15	8.31
00000004	2023	8	16	8.32
00000004	2023	8	17	8.33
00000004	2023	8	18	8.35
00000004	2023	8	19	8.37
00000004	2023	8	20	8.4
00000004	2023	8	21	8.4
00000004	2023	8	22	8.4
00000004	2023	8	23	8.41
00000004	2023	8	24	8.43
00000004	2023	8	25	8.44
00000004	2023	8	26	8.42
00000004	2023	8	27	8.41
00000004	2023	8	28	8.44
00000004	2023	8	29	8.44
00000004	2023	8	30	8.45
00000004	2023	8	31	8.49
00000004	2023	9	1	8.52
00000004	2023	9	2	8.5
00000004	2023	9	3	8.47
00000004	2023	9	4	8.47
00000004	2023	9	5	8.49
00000004	2023	9	6	8.49
00000004	2023	9	7	8.5
00000004	2023	9	8	8.52
00000004	2023	9	9	8.54
00000004	2023	9	10	8.56
00000004	2023	9	11	8.56
00000004	2023	9	12	8.57
00000004	2023	9	13	8.58
00000004	2023	9	14	8.6
00000004	2023	9	15	8.6
00000004	2023	9	16	8.6
00000004	2023	9	17	8.61
00000004	2023	9	18	8.63
00000004	2023	9	19	8.64
00000004	2023	9	20	8.64
00000004	2023	9	21	8.61
00000004	2023	9	22	8.6
00000004	2023	9	23	8.6
00000004	2023	9	24	8.63
00000004	2023	9	25	8.64
00000004	2023	9	26	8.63
00000004	2023	9	27	8.63
00000004	2023	9	28	8.63
00000004	2023	9	29	8.63
00000004	2023	9	30	8.64
00000004	2023	10	1	8.65
00000004	2023	10	2	8.65
00000004	2023	10	3	8.65
00000004	2023	10	4	8.65
00000004	2023	10	5	8.65
00000004	2023	10	6	8.66
00000004	2023	10	7	8.68
00000004	2023	10	8	8.66
00000004	2023	10	9	8.64
00000004	2023	10	10	8.66
00000004	2023	10	11	8.67
00000004	2023	10	12	8.67
00000004	2023	10	13	8.7
00000004	2023	10	14	8.7
00000004	2023	10	15	8.72
00000004	2023	10	16	8.73
00000004	2023	10	17	8.74
00000004	2023	10	18	8.74
00000004	2023	10	19	8.71
00000004	2023	10	20	8.69
00000004	2023	10	21	8.75
00000004	2023	10	22	8.77
00000004	2023	10	23	8.79
00000004	2023	10	24	8.8
00000004	2023	10	25	8.79
00000004	2023	10	26	8.79
00000004	2023	10	27	8.8
00000004	2023	10	28	8.79
00000004	2023	10	29	8.78
00000004	2023	10	30	8.81
00000004	2023	10	31	8.83
00000004	2023	11	1	8.85
00000004	2023	11	2	8.85
00000004	2023	11	3	8.82
00000004	2023	11	4	8.81
00000004	2023	11	5	8.8
00000004	2023	11	6	8.81
00000004	2023	11	7	8.82
00000004	2023	11	8	8.83
00000004	2023	11	9	8.85
00000004	2023	11	10	8.87
00000004	2023	11	11	8.88
00000004	2023	11	12	8.88
00000004	2023	11	13	8.87
00000004	2023	11	14	8.86
00000004	2023	11	15	8.84
00000004	2023	11	16	8.81
00000004	2023	11	17	8.79
00000004	2023	11	18	8.82
00000004	2023	11	19	8.83
00000004	2023	11	20	8.82
00000004	2023	11	21	8.78
00000004	2023	11	22	8.79
00000004	2023	11	23	8.79
00000004	2023	11	24	8.8
00000004	2023	11	25	8.79
00000004	2023	11	26	8.77
00000004	2023	11	27	8.85
00000004	2023	11	28	8.86
00000004	2023	11	29	8.84
00000004	2023	11	30	8.81
00000004	2023	12	1	8.78
00000004	2023	12	2	8.79
00000004	2023	12	3	8.83
00000004	2023	12	4	8.86
00000004	2023	12	5	8.88
00000004	2023	12	6	8.9
00000004	2023	12	7	8.86
00000004	2023	12	8	8.84
00000004	2023	12	9	8.85
00000004	2023	12	10	8.77
00000004	2023	12	11	8.8
00000004	2023	12	12	8.83
00000004	2023	12	13	8.83
00000004	2023	12	14	8.83
00000004	2023	12	15	8.8
00000004	2023	12	16	8.76
00000004	2023	12	17	8.75
00000004	2023	12	18	8.84
00000004	2023	12	19	8.91
00000004	2023	12	20	8.92
00000004	2023	12	21	8.91
00000004	2023	12	22	8.9
00000004	2023	12	23	8.91
00000004	2023	12	24	8.88
00000004	2023	12	25	8.74
00000004	2023	12	26	8.73
00000004	2023	12	27	8.71
00000004	2023	12	28	8.74
00000004	2023	12	29	8.77
00000004	2023	12	30	8.81
00000004	2023	12	31	8.82
00000004	2024	1	1	8.88
00000004	2024	1	2	8.87
00000004	2024	1	3	8.85
00000004	2024	1	4	8.9
00000004	2024	1	5	8.84
00000004	2024	1	6	8.85
00000004	2024	1	7	8.94
00000004	2024	1	8	8.85
00000004	2024	1	9	8.59
00000004	2024	1	10	8.63
00000004	2024	1	11	8.62
00000004	2024	1	12	8.57
00000004	2024	1	13	8.66
00000004	2024	1	14	8.65
00000004	2024	1	15	8.64
00000004	2024	1	16	8.69
00000004	2024	1	17	8.7
00000004	2024	1	18	8.64
00000004	2024	1	19	8.73
00000004	2024	1	20	8.79
00000004	2024	1	21	8.78
00000004	2024	1	22	8.75
00000004	2024	1	23	8.73
00000004	2024	1	24	8.62
00000004	2024	1	25	8.33
00000004	2024	1	26	8.32
00000004	2024	1	27	8.29
00000004	2024	1	28	8.33
00000004	2024	1	29	8.33
00000004	2024	1	30	8.3
00000004	2024	1	31	8.37
00000004	2024	2	1	8.38
00000004	2024	2	2	8.37
00000004	2024	2	3	8.37
00000004	2024	2	4	8.31
00000004	2024	2	5	8.23
00000004	2024	2	6	8.26
00000004	2024	2	7	8.28
00000004	2024	2	8	8.28
00000004	2024	2	9	8.27
00000004	2024	2	10	8.27
00000004	2024	2	11	8.21
00000004	2024	2	12	8.01
00000004	2024	2	13	8.03
00000004	2024	2	14	8.03
00000004	2024	2	15	8.03
00000004	2024	2	16	8.01
00000004	2024	2	17	8.11
00000004	2024	2	18	8.11
00000004	2024	2	19	8.15
00000004	2024	2	20	8.18
00000004	2024	2	21	8.17
00000004	2024	2	22	8.12
00000004	2024	2	23	8.18
00000004	2024	2	24	8.27
00000004	2024	2	25	8.29
00000004	2024	2	26	8.27
00000004	2024	2	27	8.26
00000004	2024	2	28	8.37
00000004	2024	2	29	8.39
00000004	2024	3	1	8.33
00000004	2024	3	2	8.35
00000004	2024	3	3	8.35
00000004	2024	3	4	8.36
00000004	2024	3	5	8.29
00000004	2024	3	6	8.3
00000004	2024	3	7	8.32
00000004	2024	3	8	8.23
00000004	2024	3	9	8.12
00000004	2024	3	10	8.17
00000004	2024	3	11	8.18
00000004	2024	3	12	8.15
00000004	2024	3	13	8.16
00000004	2024	3	14	8.19
00000004	2024	3	15	8.18
00000004	2024	3	16	8.16
00000004	2024	3	17	8.15
00000004	2024	3	18	8.22
00000004	2024	3	19	8.21
00000004	2024	3	20	8.21
00000004	2024	3	21	8.22
00000004	2024	3	22	8.18
00000004	2024	3	23	8.27
00000004	2024	3	24	8.27
00000004	2024	3	25	8.25
00000004	2024	3	26	8.08
00000004	2024	3	27	8.06
00000004	2024	3	28	8.1
00000004	2024	3	29	8.09
00000004	2024	3	30	8.09
00000004	2024	3	31	8.11
00000004	2024	4	1	8.11
00000004	2024	4	2	8.08
00000004	2024	4	3	8.11
00000004	2024	4	4	8.16
00000004	2024	4	5	8.22
00000004	2024	4	6	8.22
00000004	2024	4	7	8.21
00000004	2024	4	8	8.25
00000004	2024	4	9	8.22
00000004	2024	4	10	8.13
00000004	2024	4	11	8.14
00000004	2024	4	12	8.24
00000004	2024	4	13	8.23
00000004	2024	4	14	8.2
00000004	2024	4	15	8.21
00000004	2024	4	16	8.23
00000004	2024	4	17	8.25
00000004	2024	4	18	8.25
00000004	2024	4	19	8.27
00000004	2024	4	20	8.28
00000004	2024	4	21	8.25
00000004	2024	4	22	8.25
00000004	2024	4	23	8.23
00000004	2024	4	24	8.25
00000004	2024	4	25	8.26
00000004	2024	4	26	8.28
00000004	2024	4	27	8.32
00000004	2024	4	28	8.32
00000004	2024	4	29	8.31
00000004	2024	4	30	8.32
00000004	2024	5	1	8.34
00000004	2024	5	2	8.35
00000004	2024	5	3	8.38
00000004	2024	5	4	8.39
00000004	2024	5	5	8.41
00000004	2024	5	6	8.4
00000004	2024	5	7	8.4
00000004	2024	5	8	8.4
00000004	2024	5	9	8.41
00000004	2024	5	10	8.33
00000004	2024	5	11	8.34
00000004	2024	5	12	8.34
00000004	2024	5	13	8.29
00000004	2024	5	14	8.26
00000004	2024	5	15	8.3
00000004	2024	5	16	8.33
00000004	2024	5	17	8.33
00000004	2024	5	18	8.36
00000004	2024	5	19	8.39
00000004	2024	5	20	8.4
00000004	2024	5	21	8.41
00000004	2024	5	22	8.44
00000004	2024	5	23	8.44
00000004	2024	5	24	8.43
00000004	2024	5	25	8.46
00000004	2024	5	26	8.45
00000004	2024	5	27	8.49
00000004	2024	5	28	8.52
00000004	2024	5	29	8.53
00000004	2024	5	30	8.53
00000004	2024	5	31	8.53
00000004	2024	6	1	8.41
00000004	2024	6	2	8.34
00000004	2024	6	3	8.32
00000004	2024	6	4	8.33
00000004	2024	6	5	8.35
00000004	2024	6	6	8.36
00000004	2024	6	7	8.41
00000004	2024	6	8	8.43
00000004	2024	6	9	8.43
00000004	2024	6	10	8.45
00000004	2024	6	11	8.49
00000004	2024	6	12	8.51
00000004	2024	6	13	8.53
00000004	2024	6	14	8.55
00000004	2024	6	15	8.56
00000004	2024	6	16	8.58
00000004	2024	6	17	8.58
00000004	2024	6	18	8.59
00000004	2024	6	19	8.62
00000004	2024	6	20	8.63
00000004	2024	6	21	8.62
00000004	2024	6	22	8.62
00000004	2024	6	23	8.62
00000004	2024	6	24	8.6
00000004	2024	6	25	8.6
00000004	2024	6	26	8.58
00000004	2024	6	27	8.49
00000004	2024	6	28	8.48
00000004	2024	6	29	8.51
00000004	2024	6	30	8.47
00000004	2024	7	1	8.44
00000004	2024	7	2	8.47
00000004	2024	7	3	8.5
00000004	2024	7	4	8.5
00000004	2024	7	5	8.43
00000004	2024	7	6	8.39
00000004	2024	7	7	8.39
00000004	2024	7	8	8.4
00000004	2024	7	9	8.41
00000004	2024	7	10	8.46
00000004	2024	7	11	8.48
00000004	2024	7	12	8.52
00000004	2024	7	13	8.55
00000004	2024	7	14	8.56
00000004	2024	7	15	8.56
00000004	2024	7	16	8.57
00000004	2024	7	17	8.58
00000004	2024	7	18	8.56
00000004	2024	7	19	8.51
00000004	2024	7	20	8.44
00000004	2024	7	21	8.4
00000004	2024	7	22	8.41
00000004	2024	7	23	8.44
00000004	2024	7	24	8.42
00000004	2024	7	25	8.38
00000004	2024	7	26	8.36
00000004	2024	7	27	8.37
00000004	2024	7	28	8.37
00000004	2024	7	29	8.3
00000004	2024	7	30	8.3
00000004	2024	7	31	8.32
00000004	2024	8	1	8.35
00000004	2024	8	2	8.34
00000004	2024	8	3	8.34
00000004	2024	8	4	8.36
00000004	2024	8	5	8.39
00000004	2024	8	6	8.39
00000004	2024	8	7	8.39
00000004	2024	8	8	8.43
00000004	2024	8	9	8.5
00000004	2024	8	10	8.54
00000004	2024	8	11	8.55
00000004	2024	8	12	8.57
00000004	2024	8	13	8.59
00000004	2024	8	14	8.61
